#27045,#9484
0,0
0,4
0,8
0,17
0,24
0,87
0,92
0,93
0,96
0,97
0,98
0,103
0,104
0,105
0,107
0,108
0,109
0,111
0,121
0,124
0,129
0,135
0,139
0,143
0,144
0,147
0,148
0,159
0,161
0,162
0,172
0,178
0,179
0,181
0,193
0,194
0,195
0,196
0,197
0,198
0,200
0,204
0,207
0,214
0,215
0,218
0,219
0,222
0,223
0,228
0,242
0,244
0,246
0,253
0,258
0,260
0,262
0,263
0,264
0,275
0,285
0,287
0,291
0,292
0,293
0,294
0,295
0,296
0,302
0,307
0,310
0,311
0,313
0,315
1,4
1,17
1,19
1,28
1,46
1,68
1,107
1,258
1,383
1,449
1,454
1,456
1,461
1,462
1,474
1,477
1,478
1,479
1,480
1,496
1,499
1,510
1,518
1,554
1,573
1,584
1,585
1,624
1,625
1,656
1,671
1,673
1,680
1,684
1,692
1,696
1,707
1,713
1,719
1,726
1,727
1,728
1,731
1,735
1,737
1,738
1,739
1,740
1,741
1,761
1,765
1,766
1,769
1,771
1,778
1,780
1,792
1,801
1,803
1,806
1,807
1,809
1,810
1,811
1,812
1,813
1,814
1,819
1,821
1,823
1,824
1,826
1,827
1,830
1,831
1,834
1,840
1,841
1,842
1,844
1,846
1,848
1,850
1,852
1,862
1,864
1,867
1,868
1,870
1,874
1,879
1,894
1,895
1,898
1,899
1,900
1,901
1,903
1,907
1,910
1,914
1,917
1,918
1,920
1,922
1,925
1,926
1,928
1,930
1,931
1,936
1,941
1,942
1,943
1,947
1,952
1,954
1,958
1,963
1,965
1,966
1,971
1,986
1,987
1,992
1,993
1,995
1,998
1,1002
1,1003
1,1009
1,1010
2,6
2,10
2,16
2,76
2,96
2,107
2,148
2,342
2,894
2,1016
2,1017
2,1019
2,1020
2,1022
2,1024
2,1033
2,1051
2,1057
2,1064
2,1065
2,1068
2,1070
2,1071
2,1072
2,1075
2,1077
2,1080
2,1086
2,1087
2,1088
2,1094
2,1096
2,1098
2,1113
2,1121
2,1129
2,1131
2,1137
2,1138
2,1139
2,1140
2,1141
2,1146
2,1147
2,1150
2,1155
2,1156
2,1157
2,1166
2,1167
2,1169
2,1172
2,1177
2,1180
2,1181
2,1183
2,1184
2,1187
2,1188
2,1189
2,1191
2,1193
2,1202
2,1204
2,1206
2,1207
2,1208
2,1210
2,1211
2,1212
2,1214
2,1221
2,1224
2,1230
2,1233
2,1239
2,1242
2,1243
2,1245
2,1248
2,1256
2,1260
2,1261
2,1265
2,1266
2,1267
2,1268
2,1269
2,1280
2,1284
2,1285
2,1293
2,1307
2,1308
2,1311
2,1313
2,1318
2,1328
2,1329
2,1338
2,1339
2,1341
2,1350
2,1353
2,1357
2,1359
2,1362
2,1363
2,1367
2,1375
2,1378
2,1379
2,1381
2,1388
2,1391
2,1392
2,1396
2,1397
2,1401
2,1404
2,1415
2,1419
2,1433
2,1434
2,1435
2,1436
2,1449
2,1450
2,1453
2,1454
4,0
4,7
4,17
4,23
4,46
4,96
4,97
4,98
4,99
4,107
4,162
4,383
4,652
4,1455
4,1468
4,1472
4,1474
4,1477
4,1583
4,1618
4,1624
4,1682
4,1686
4,1704
4,1719
4,1720
4,1741
4,1754
4,1762
4,1763
4,1776
4,1778
4,1779
4,1781
4,1796
4,1798
4,1803
4,1804
4,1837
4,1838
4,1839
4,1850
4,1854
4,1866
4,1890
4,1922
4,1930
4,1932
4,1944
4,1949
4,1963
4,1974
4,1975
4,1976
4,1979
4,1983
4,1984
4,1990
4,1991
4,2009
4,2011
4,2041
4,2066
4,2070
4,2089
4,2096
4,2116
4,2120
4,2122
4,2173
5,107
5,148
5,2538
5,2552
5,2554
5,2555
5,2561
5,2562
5,2567
5,2568
5,2569
5,2570
5,2573
5,2575
5,2577
5,2581
5,2586
5,2587
5,2590
5,2591
5,2593
5,2596
5,2597
6,2
6,10
6,20
6,96
6,107
6,148
6,1019
6,1057
6,1068
6,1267
6,2642
6,2644
6,2645
6,2647
6,2649
6,2650
6,2657
6,2661
6,2663
6,2672
6,2684
6,2692
6,2697
6,2698
6,2699
6,2701
6,2702
6,2717
6,2718
6,2719
6,2720
6,2721
6,2722
6,2723
6,2724
6,2725
6,2727
6,2729
6,2734
6,2742
6,2743
6,2745
6,2760
6,2769
6,2774
6,2778
6,2780
7,1
7,4
7,17
7,96
7,254
7,263
7,2597
7,2878
7,2921
7,2926
7,2964
7,2972
7,2977
7,2991
7,2992
7,2995
7,2997
7,2999
7,3040
7,3041
7,3043
7,3044
7,3047
7,3049
7,3051
7,3054
7,3057
7,3058
7,3059
7,3062
7,3063
7,3064
7,3068
7,3069
7,3074
7,3075
7,3084
7,3085
7,3086
7,3087
7,3098
7,3099
7,3100
7,3101
7,3103
7,3104
7,3106
7,3107
7,3110
7,3125
7,3126
7,3128
7,3130
7,3133
7,3134
7,3135
7,3152
7,3158
7,3159
7,3160
8,0
8,8
8,40
8,89
8,105
8,108
8,148
8,172
8,215
8,216
8,258
8,339
8,1045
8,1181
8,2253
8,3167
8,3168
8,3171
8,3176
8,3177
8,3178
8,3181
8,3196
8,3197
8,3199
8,3205
8,3209
8,3218
8,3220
8,3222
8,3231
8,3233
8,3238
8,3239
8,3241
8,3242
8,3243
8,3245
8,3246
8,3248
8,3252
8,3253
8,3263
8,3264
8,3268
8,3276
8,3277
8,3288
8,3289
8,3303
8,3312
8,3313
8,3321
8,3324
8,3326
8,3328
8,3336
8,3342
8,3343
8,3346
8,3350
8,3365
8,3372
8,3373
8,3374
8,3378
8,3379
8,3380
8,3387
8,3389
8,3392
8,3394
8,3399
8,3405
8,3406
8,3410
8,3420
8,3423
8,3424
8,3433
8,3437
8,3448
8,3462
8,3463
8,3467
8,3468
8,3469
8,3472
8,3484
8,3486
8,3487
8,3490
8,3494
8,3497
8,3498
8,3499
8,3502
9,0
9,35
9,47
9,78
9,94
9,96
9,3130
9,3697
9,3698
9,3699
9,3700
9,3702
9,3703
9,3704
9,3709
9,3710
9,3711
9,3712
9,3713
9,3714
9,3715
9,3716
9,3717
9,3719
9,3722
9,3729
9,3730
9,3732
9,3734
9,3735
9,3736
9,3742
9,3745
9,3746
9,3747
9,3750
9,3758
9,3762
9,3764
9,3766
9,3772
9,3773
9,3776
9,3778
9,3779
10,2
10,6
10,20
10,96
10,107
10,1057
10,1267
10,2642
10,2644
10,2645
10,2647
10,2650
10,2654
10,2657
10,2661
10,2663
10,2692
10,2699
10,2783
10,2874
10,3793
10,3794
10,3795
10,3796
10,3797
10,3798
10,3799
10,3803
10,3816
10,3819
10,3825
10,3826
10,3827
10,3830
10,3840
10,3841
10,3843
10,3845
10,3847
10,3850
11,13
11,3855
11,3856
11,3860
11,3861
11,3862
11,3864
11,3866
11,3918
11,3920
11,3934
11,3936
11,3957
11,3958
11,3968
11,3970
11,3971
11,3973
11,3978
11,3982
11,3983
11,3984
11,3985
11,3986
11,3988
11,3990
11,3991
11,3993
11,4008
11,4013
11,4017
12,96
12,148
12,2420
12,4208
12,4210
12,4213
12,4220
12,4221
12,4222
12,4223
12,4236
12,4242
12,4247
12,4249
12,4251
12,4252
12,4253
12,4265
12,4271
12,4272
12,4273
12,4277
12,4278
12,4282
12,4283
12,4286
12,4289
12,4290
12,4291
12,4292
12,4293
12,4295
12,4296
12,4299
12,4307
12,4310
12,4313
12,4318
12,4328
12,4348
12,4349
12,4350
12,4351
12,4353
12,4354
12,4356
12,4364
12,4369
12,4377
12,4386
12,4389
12,4391
12,4392
12,4397
12,4401
12,4402
13,11
13,107
13,1975
13,3990
13,4410
13,4411
13,4412
13,4419
13,4420
13,4445
13,4447
13,4449
13,4457
13,4463
13,4464
13,4470
13,4496
13,4498
14,15
14,19
14,148
14,258
14,1267
14,1840
14,3587
14,4557
14,4592
14,4593
14,4594
14,4599
14,4605
14,4607
14,4609
14,4610
14,4613
14,4614
14,4615
14,4621
14,4626
14,4628
14,4640
14,4643
14,4644
14,4651
14,4657
14,4676
14,4679
14,4682
14,4692
14,4698
14,4703
14,4709
14,4722
14,4725
14,4732
14,4782
14,4789
14,4792
14,4794
14,4796
14,4797
14,4814
14,4821
14,4824
14,4829
14,4874
14,4879
14,4880
14,4885
14,4917
14,4918
14,4920
14,4930
14,4945
14,4949
14,4969
14,4971
14,4984
14,4989
14,4992
14,4994
14,5000
14,5003
14,5027
14,5033
14,5035
14,5036
14,5042
14,5044
14,5065
14,5110
14,5118
14,5121
14,5131
14,5146
14,5169
14,5188
14,5203
14,5234
14,5239
14,5257
14,5258
14,5275
14,5288
14,5302
14,5314
14,5316
14,5345
14,5360
14,5362
14,5370
14,5380
14,5399
14,5400
14,5417
14,5418
14,5420
14,5428
14,5429
14,5431
14,5433
14,5434
14,5436
14,5438
14,5446
14,5456
14,5457
14,5464
14,5489
14,5490
14,5491
14,5492
14,5494
14,5505
14,5506
14,5507
14,5519
14,5520
15,14
15,19
15,96
15,107
15,110
15,148
15,263
15,685
15,1070
15,1311
15,1975
15,2253
15,3239
15,3587
15,6697
15,6698
15,6702
15,6714
15,6715
15,6733
15,6734
15,6761
15,6765
15,6790
15,6795
15,6819
15,6822
15,6844
15,6845
15,6846
15,6847
15,6849
15,6850
15,6851
15,6852
15,6855
15,6856
15,6860
15,6861
15,6863
15,6865
15,6866
15,6867
15,6868
15,6869
15,6871
15,6872
15,6873
15,6874
15,6876
15,6877
15,6878
15,6879
15,6880
15,6881
15,6882
15,6886
15,6887
15,6888
15,6893
15,6894
15,6895
15,6896
15,6897
15,6899
15,6900
15,6901
15,6903
15,6904
15,6906
15,6908
15,6909
15,6910
15,6911
15,6913
15,6915
15,6917
15,6918
15,6919
15,6923
15,6924
15,6925
15,6928
15,6929
15,6930
15,6931
15,6932
15,6935
15,6936
15,6937
15,6940
15,6942
15,6943
15,6944
15,6950
15,6951
15,6952
15,6953
15,6954
15,6957
15,6958
15,6960
15,6961
15,6962
15,6963
15,6965
15,6966
15,6968
15,6970
15,6971
15,6972
15,6973
15,6975
15,6976
15,6977
15,6979
15,6980
15,6981
15,6982
15,6983
15,6985
15,6987
15,6989
15,6990
15,6994
15,6995
15,6997
15,6998
15,7003
15,7006
15,7007
15,7008
15,7009
15,7010
15,7013
15,7015
15,7016
15,7017
15,7018
15,7019
15,7020
15,7022
15,7023
15,7024
15,7025
15,7026
15,7027
15,7028
15,7029
15,7031
15,7032
15,7033
15,7037
15,7040
15,7041
15,7042
15,7043
15,7044
15,7046
15,7047
15,7048
15,7049
15,7050
15,7051
15,7052
15,7053
15,7055
15,7056
15,7057
15,7058
15,7061
15,7063
15,7064
15,7065
15,7066
15,7067
15,7068
15,7069
15,7070
15,7071
15,7075
15,7076
15,7077
15,7079
15,7081
15,7084
15,7085
15,7086
15,7088
15,7089
15,7090
15,7091
15,7093
15,7095
15,7097
15,7098
15,7099
15,7101
15,7102
15,7103
15,7104
15,7105
15,7108
15,7110
15,7111
15,7113
15,7114
15,7116
15,7118
15,7120
15,7124
15,7126
15,7127
15,7128
15,7129
15,7130
15,7131
15,7132
15,7134
15,7135
15,7138
15,7141
15,7142
15,7143
15,7144
15,7146
15,7147
16,2
16,28
16,148
16,726
16,1065
16,3827
16,6874
16,7619
16,7621
16,7625
16,7626
16,7628
16,7630
16,7631
16,7632
16,7634
16,7635
16,7638
16,7645
16,7646
16,7650
16,7654
16,7659
16,7673
16,7679
16,7692
16,7700
16,7711
16,7718
16,7719
16,7720
16,7725
16,7727
16,7729
16,7748
16,7749
16,7758
16,7766
16,7789
16,7797
16,7802
16,7814
16,7831
16,7844
16,7846
16,7857
16,7858
16,7859
16,7863
16,7873
16,7879
16,7881
16,7887
16,7888
16,7890
16,7894
16,7897
16,7898
16,7901
16,7902
16,7903
16,7910
16,7912
16,7914
16,7921
17,0
17,1
17,4
17,7
17,46
17,90
17,96
17,97
17,98
17,148
17,258
17,1214
17,1472
17,1778
17,2056
17,2142
17,2253
17,2413
17,2561
17,3672
17,7171
17,7421
17,8119
17,8120
17,8121
17,8122
17,8124
17,8125
17,8126
17,8129
17,8130
17,8131
17,8135
17,8136
17,8139
17,8142
17,8143
17,8144
17,8146
17,8159
17,8166
17,8169
17,8178
17,8179
17,8181
17,8185
17,8187
17,8188
17,8190
17,8192
17,8193
17,8206
17,8209
17,8213
17,8214
17,8222
17,8226
17,8236
17,8238
17,8239
17,8241
17,8247
17,8249
17,8252
17,8253
17,8255
17,8261
17,8265
17,8268
17,8271
17,8279
17,8283
17,8285
17,8289
17,8298
17,8299
17,8304
17,8310
17,8313
17,8317
17,8320
17,8326
17,8327
17,8331
18,19
18,49
18,96
18,107
18,148
18,258
18,624
18,1010
18,1071
18,2011
18,7102
18,8502
18,8504
18,8505
18,8506
18,8510
18,8512
18,8525
18,8528
18,8533
18,8534
18,8540
18,8555
18,8556
18,8564
18,8566
18,8568
18,8569
18,8570
18,8578
18,8580
18,8585
18,8589
18,8591
18,8594
18,8596
18,8597
18,8603
18,8610
18,8613
18,8626
18,8628
18,8629
18,8630
18,8632
18,8634
18,8638
18,8640
18,8642
19,1
19,14
19,15
19,18
19,107
19,148
19,258
19,986
19,1329
19,3587
19,4268
19,4821
19,5745
19,6652
19,6941
19,7102
19,8839
19,8842
19,8843
19,8847
19,8851
19,8853
19,8855
19,8857
19,8858
19,8859
19,8860
19,8861
19,8862
19,8863
19,8865
19,8871
19,8876
19,8877
19,8889
19,8890
19,8892
19,8896
19,8897
19,8899
19,8900
19,8901
19,8903
19,8904
19,8905
19,8906
19,8907
19,8908
19,8909
19,8910
19,8915
19,8916
19,8919
19,8922
19,8924
19,8931
19,8932
19,8933
19,8935
19,8936
19,8937
19,8939
19,8941
19,8942
19,8945
19,8948
19,8949
19,8951
19,8952
19,8953
19,8954
19,8956
20,6
20,10
20,96
20,148
20,894
20,1057
20,2645
20,2657
20,2684
20,2699
20,3844
20,3845
20,6895
20,7421
20,8972
20,8973
20,8976
20,8977
20,8991
20,9008
20,9012
20,9017
20,9029
20,9049
20,9057
21,96
21,258
21,7617
21,9081
21,9086
21,9087
21,9100
21,9101
21,9104
21,9105
21,9110
21,9144
21,9156
21,9202
21,9220
21,9232
21,9233
21,9246
21,9253
23,4
23,52
23,107
23,148
23,9300
23,9311
23,9315
23,9469
23,9514
23,9521
23,9523
23,9526
23,9535
23,9543
23,9544
23,9546
23,9547
23,9549
23,9558
23,9559
23,9560
23,9562
23,9563
23,9565
23,9583
23,9593
23,9613
23,9614
23,9615
23,9623
23,9624
23,9625
23,9628
23,9629
23,9631
23,9636
23,9637
23,9643
23,9644
23,9645
24,0
24,107
24,258
24,2554
24,9778
24,9779
24,9780
24,9781
24,9782
24,9783
24,9784
24,9786
24,9788
24,9790
24,9791
24,9792
24,9793
24,9796
24,9797
24,9798
24,9801
24,9804
24,9805
24,9806
24,9807
24,9809
24,9817
24,9818
24,9820
24,9821
24,9827
24,9828
24,9830
24,9832
24,9836
24,9837
24,9838
24,9839
24,9841
24,9842
24,9850
25,25
25,148
25,1571
25,1796
25,4116
25,8901
25,9854
25,9856
25,9858
25,9860
25,9862
25,9866
25,9869
25,9872
25,9880
25,9891
25,9893
25,9894
25,9896
25,9900
25,9901
25,9913
25,9914
25,9915
25,9918
25,9919
25,9922
25,9923
25,9929
25,9931
25,9932
25,9939
25,9943
25,9944
25,9948
25,9951
25,9952
25,9953
25,9955
25,9957
25,9959
25,9961
25,9963
25,9964
25,9966
25,9969
25,9970
25,9983
25,9985
25,9986
25,9988
25,9989
25,9994
25,9996
25,9997
25,9999
25,10000
25,10001
25,10005
25,10012
25,10013
25,10014
25,10015
25,10023
25,10024
25,10027
25,10029
25,10032
25,10033
25,10034
25,10051
25,10056
25,10064
26,258
26,9957
26,10157
26,10158
26,10159
26,10160
26,10161
26,10163
26,10171
26,10183
26,10184
26,10185
26,10189
26,10201
26,10203
26,10205
26,10208
26,10209
26,10210
26,10221
26,10228
26,10230
26,10238
26,10240
26,10245
26,10247
26,10262
26,10265
26,10269
26,10277
26,10280
26,10292
26,10336
26,10352
26,10356
26,10365
26,10394
26,10395
27,20
27,96
27,107
27,258
27,10419
27,10429
27,10431
27,10436
27,10441
27,10443
27,10445
27,10446
27,10447
27,10452
27,10455
27,10461
27,10464
27,10466
27,10469
27,10471
28,1
28,16
28,19
28,77
28,107
28,148
28,258
28,650
28,685
28,2554
28,6895
28,7102
28,7172
28,7228
28,7846
28,8939
28,8954
28,10537
28,10539
28,10549
28,10550
28,10553
28,10556
28,10560
28,10568
28,10571
28,10573
28,10574
28,10580
28,10589
28,10595
28,10601
28,10606
28,10613
28,10620
28,10633
28,10639
28,10640
28,10647
28,10651
28,10654
28,10658
28,10666
28,10674
28,10675
28,10677
28,10681
28,10683
28,10688
28,10691
28,10705
28,10709
28,10714
28,10715
28,10721
28,10730
28,10733
28,10734
28,10735
29,29
29,53
29,1045
29,1210
29,11139
29,11141
29,11144
29,11146
29,11151
29,11153
29,11156
29,11163
29,11169
29,11171
29,11172
29,11181
29,11193
29,11197
29,11213
29,11219
29,11226
29,11227
29,11230
29,11246
30,96
30,107
30,1167
30,2011
30,2810
30,2811
30,3587
30,4920
30,6895
30,9919
30,9922
30,9943
30,11289
30,11291
30,11292
30,11293
30,11294
30,11296
30,11300
30,11301
30,11307
30,11308
30,11311
30,11316
30,11319
30,11320
30,11322
30,11325
30,11332
30,11338
30,11340
30,11341
30,11342
30,11351
30,11352
30,11354
30,11355
30,11356
30,11359
30,11360
30,11368
30,11372
30,11375
30,11376
30,11379
30,11380
30,11381
30,11389
30,11391
30,11395
30,11396
30,11407
30,11412
30,11414
30,11422
30,11428
30,11429
30,11432
30,11433
30,11443
30,11445
30,11448
30,11450
30,11451
30,11456
30,11457
30,11458
30,11459
30,11460
30,11462
30,11463
30,11465
30,11466
30,11467
30,11468
30,11469
30,11473
30,11474
30,11477
30,11480
30,11482
30,11485
30,11488
30,11489
30,11492
30,11493
30,11494
30,11496
30,11498
30,11499
30,11504
30,11509
30,11510
30,11511
30,11517
30,11518
30,11519
30,11521
30,11523
30,11527
30,11530
30,11533
30,11534
30,11535
30,11539
30,11542
30,11545
30,11552
30,11553
30,11554
30,11555
30,11557
30,11564
30,11565
30,11569
30,11571
30,11572
30,11573
30,11580
30,11582
30,11598
30,11600
30,11605
30,11616
30,11618
30,11624
30,11629
30,11642
30,11649
30,11650
30,11651
30,11652
30,11655
30,11656
30,11657
30,11658
30,11659
30,11670
30,11674
31,31
31,63
31,148
31,339
31,737
31,2011
31,6895
31,9986
31,10115
31,10157
31,10394
31,11301
31,11372
31,11642
31,11680
31,11682
31,11686
31,11688
31,11689
31,11690
31,11691
31,11692
31,11694
31,11695
31,11696
31,11697
31,11710
31,11718
31,11726
31,11727
31,11729
31,11731
31,11732
31,11755
31,11761
31,11763
31,11778
31,11780
31,11812
31,11815
31,11841
31,11850
31,11854
31,11858
31,11859
31,11860
31,11862
31,11863
31,11864
31,11868
31,11869
31,11875
31,11890
31,11893
31,11896
31,11897
31,11900
31,11904
31,11907
31,11908
31,11910
31,11912
31,11921
31,11932
31,11959
31,11993
31,12027
31,12032
31,12034
31,12035
31,12036
31,12056
31,12059
31,12074
31,12080
31,12081
31,12084
31,12098
31,12102
31,12103
31,12112
31,12120
31,12124
31,12140
31,12145
31,12161
31,12166
31,12210
31,12211
31,12222
31,12223
31,12226
31,12227
31,12257
31,12281
31,12283
31,12290
31,12292
31,12303
31,12304
31,12331
31,12354
31,12364
31,12374
31,12428
31,12433
31,12442
31,12469
31,12473
31,12475
31,12476
31,12483
31,12490
31,12496
31,12502
31,12505
31,12507
31,12519
31,12543
31,12553
32,32
32,107
32,148
32,803
32,807
32,810
32,894
32,1214
32,2011
32,2554
32,3587
32,7677
32,8336
32,12623
32,12624
32,12627
32,12632
32,12634
32,12639
32,12640
32,12641
32,12642
32,12643
32,12646
32,12647
32,12649
32,12651
32,12652
32,12653
32,12656
32,12657
32,12659
32,12661
32,12662
32,12664
32,12665
32,12667
32,12668
32,12669
32,12670
32,12673
32,12674
32,12675
32,12677
32,12678
32,12680
32,12682
32,12684
32,12686
32,12687
32,12688
32,12689
32,12690
32,12691
32,12693
32,12694
32,12695
32,12696
32,12697
32,12698
32,12700
32,12701
32,12702
32,12703
32,12704
32,12706
32,12708
32,12709
32,12711
32,12712
32,12715
32,12719
32,12720
32,12721
32,12723
32,12724
32,12726
32,12728
32,12729
32,12731
32,12733
32,12735
32,12736
32,12738
32,12745
32,12747
32,12748
32,12749
32,12752
32,12753
32,12754
32,12755
32,12756
32,12761
32,12762
32,12764
32,12765
33,35
33,37
33,41
33,55
33,82
33,83
33,339
33,1214
33,4593
33,8344
33,12976
33,12978
33,12981
33,12982
33,12988
33,12989
33,12990
33,12991
33,12992
33,12993
33,12994
33,12998
33,12999
33,13001
33,13006
33,13007
33,13008
33,13009
33,13016
33,13024
33,13027
33,13029
33,13030
33,13032
33,13033
33,13038
33,13041
33,13044
33,13046
33,13047
33,13048
33,13057
33,13058
33,13061
33,13062
33,13073
33,13074
33,13081
33,13082
33,13091
33,13093
33,13096
33,13100
33,13103
33,13104
33,13106
33,13117
33,13126
33,13136
33,13137
33,13138
33,13148
33,13149
33,13152
33,13155
33,13156
33,13164
33,13165
33,13170
33,13173
33,13180
33,13188
33,13191
33,13194
33,13195
33,13196
33,13197
33,13201
33,13203
33,13204
33,13217
34,56
35,9
35,33
35,35
35,47
35,55
35,82
35,83
35,96
35,107
35,339
35,1214
35,2962
35,3130
35,3558
35,3702
35,3706
35,3762
35,3827
35,10951
35,12981
35,12998
35,13032
35,13044
35,13073
35,13091
35,13173
35,13219
35,13220
35,13221
35,13222
35,13223
35,13225
35,13228
35,13229
35,13230
35,13231
35,13234
35,13235
35,13236
35,13241
35,13242
35,13243
35,13246
35,13250
35,13253
35,13257
35,13262
35,13270
35,13271
35,13272
35,13274
35,13275
35,13277
35,13278
35,13279
35,13282
35,13283
35,13285
35,13287
35,13288
35,13289
35,13291
35,13294
35,13302
35,13303
35,13306
35,13307
35,13315
35,13316
35,13318
35,13321
35,13323
35,13325
35,13328
35,13335
35,13340
36,36
36,214
36,1571
36,5710
36,7673
36,13234
36,13346
36,13348
36,13349
36,13350
36,13353
36,13354
36,13355
36,13357
36,13358
36,13359
36,13360
36,13361
36,13365
36,13366
36,13367
36,13368
36,13369
36,13373
36,13374
36,13377
36,13378
36,13379
36,13381
36,13382
36,13386
36,13390
36,13391
36,13392
36,13393
36,13394
36,13395
36,13396
36,13397
36,13398
36,13401
36,13402
36,13406
36,13409
36,13415
36,13422
36,13423
36,13424
36,13427
36,13428
36,13430
36,13431
36,13432
36,13433
36,13436
36,13438
36,13440
36,13444
36,13445
36,13448
36,13449
36,13450
36,13453
36,13455
36,13456
36,13461
36,13463
36,13464
36,13470
36,13480
36,13482
36,13485
36,13496
36,13498
37,41
37,59
37,69
37,80
38,38
38,44
38,65
38,148
38,214
38,258
38,2011
38,2554
38,3128
38,3698
38,4116
38,4401
38,7673
38,8413
38,8909
38,9931
38,10843
38,10951
38,12745
38,13373
38,13394
38,13503
38,13505
38,13506
38,13512
38,13513
38,13514
38,13515
38,13516
38,13517
38,13519
38,13520
38,13522
38,13526
38,13528
38,13531
38,13532
38,13533
38,13535
38,13543
38,13544
38,13549
38,13551
38,13552
38,13553
38,13555
38,13557
38,13560
38,13564
38,13567
38,13568
38,13573
38,13575
38,13579
38,13580
38,13588
38,13590
38,13596
38,13602
38,13605
38,13606
38,13607
38,13608
38,13611
38,13612
38,13613
38,13615
38,13624
38,13628
38,13629
38,13644
38,13649
38,13652
38,13660
38,13663
38,13665
38,13666
38,13667
38,13675
38,13678
38,13686
38,13688
38,13700
38,13704
38,13708
38,13709
38,13710
38,13712
38,13724
38,13732
38,13733
38,13736
38,13737
38,13738
38,13739
38,13740
38,13743
38,13745
38,13746
38,13747
38,13750
38,13753
38,13754
38,13756
38,13761
38,13762
38,13766
38,13771
38,13773
38,13774
38,13775
38,13776
38,13784
38,13785
38,13786
38,13788
38,13789
38,13790
38,13796
38,13802
38,13803
38,13824
38,13825
38,13826
38,13827
38,13828
38,13834
38,13850
38,13851
38,13856
38,13857
38,13869
38,13870
38,13874
38,13876
38,13881
38,13884
38,13885
38,13886
38,13888
38,13889
38,13890
38,13891
38,13902
38,13903
38,13905
38,13914
38,13917
38,13922
38,13925
39,14074
39,14075
39,14080
39,14084
39,14085
39,14086
39,14090
39,14111
39,14112
39,14113
39,14137
39,14138
39,14144
39,14146
39,14158
39,14208
39,14211
39,14239
40,75
40,96
40,107
40,161
40,215
40,258
40,1181
40,1202
40,1255
40,3196
40,3239
40,3627
40,6510
40,6941
40,7353
40,12684
40,14243
40,14244
40,14247
40,14249
40,14251
40,14252
40,14254
40,14258
40,14260
40,14261
40,14263
40,14268
40,14271
40,14276
40,14279
40,14280
40,14283
40,14284
40,14285
40,14291
40,14294
40,14297
40,14303
40,14306
40,14316
40,14317
40,14318
40,14330
40,14331
40,14332
40,14334
40,14344
40,14378
40,14380
40,14381
40,14382
40,14383
40,14389
40,14391
40,14392
40,14399
40,14405
40,14406
40,14409
40,14411
40,14416
40,14418
40,14419
40,14420
40,14422
40,14427
40,14443
40,14444
40,14445
40,14449
40,14456
40,14457
40,14463
40,14469
40,14470
40,14478
40,14488
40,14492
40,14496
40,14497
40,14499
40,14501
40,14504
40,14522
40,14524
40,14525
40,14528
40,14542
40,14545
40,14548
40,14552
40,14560
40,14570
40,14576
40,14580
40,14581
40,14589
41,33
41,37
41,41
41,44
41,148
41,214
41,3128
41,10158
41,12978
41,13230
41,15181
41,15182
41,15186
41,15187
41,15190
41,15195
41,15196
41,15197
41,15199
41,15210
41,15216
41,15218
41,15225
41,15232
41,15234
41,15245
41,15246
41,15248
41,15257
41,15259
41,15261
41,15267
41,15270
41,15274
41,15286
41,15292
41,15294
41,15305
41,15308
41,15309
41,15310
41,15321
41,15325
41,15327
41,15365
41,15391
41,15392
41,15393
41,15395
41,15396
41,15402
41,15406
41,15407
41,15410
41,15411
41,15412
41,15416
41,15417
41,15425
41,15444
41,15449
41,15471
41,15472
41,15477
41,15483
41,15499
42,42
42,51
42,82
42,107
42,2533
42,2962
42,6895
42,12696
42,13117
42,13381
42,13617
42,14045
42,15511
42,15512
42,15518
42,15520
42,15530
42,15531
42,15534
42,15535
42,15536
42,15545
42,15550
42,15551
42,15556
42,15560
42,15563
42,15565
42,15569
42,15578
42,15601
42,15602
42,15603
42,15605
42,15606
42,15613
42,15615
42,15620
42,15658
42,15659
42,15675
42,15683
42,15686
42,15687
42,15688
42,15694
42,15698
42,15707
42,15710
42,15713
42,15742
42,15746
42,15761
42,15763
42,15765
42,15771
42,15772
42,15773
42,15774
42,15777
42,15785
42,15786
42,15799
42,15802
42,15803
42,15805
42,15808
42,15809
42,15813
42,15815
43,44
43,71
43,82
43,107
43,148
43,258
43,2011
43,2318
43,2533
43,4599
43,11434
43,13187
43,13234
43,13368
43,14045
43,15305
43,15444
43,15499
43,15546
43,15570
43,15818
43,15822
43,15825
43,15826
43,15827
43,15828
43,15829
43,15833
43,15835
43,15837
43,15839
43,15842
43,15847
43,15849
43,15850
43,15851
43,15852
43,15853
43,15854
43,15855
43,15862
43,15865
43,15866
43,15870
43,15872
43,15873
43,15877
43,15883
43,15885
43,15886
43,15895
43,15907
43,15908
43,15909
43,15930
43,15931
43,15942
43,15946
44,38
44,41
44,43
44,96
44,148
44,214
44,372
44,827
44,2554
44,3130
44,3762
44,7301
44,8193
44,12978
44,13373
44,13528
44,13544
44,13549
44,13605
44,13612
44,13616
44,13619
44,13746
44,13753
44,13764
44,13939
44,14042
44,14759
44,15499
44,15551
44,15803
44,15827
44,15946
44,15950
44,15951
44,15952
44,15953
44,15954
44,15955
44,15956
44,15958
44,15959
44,15961
44,15962
44,15964
44,15965
44,15966
44,15967
44,15968
44,15972
44,15975
44,15976
44,15977
44,15978
44,15979
44,15980
44,15981
44,15985
44,15986
44,15987
44,15988
44,15990
44,15991
44,15994
44,15997
44,15999
44,16001
44,16002
44,16003
44,16004
44,16005
44,16007
44,16009
44,16010
44,16012
44,16013
44,16019
44,16020
44,16027
44,16028
44,16030
44,16031
44,16037
44,16039
44,16044
44,16045
44,16048
44,16050
44,16052
44,16053
44,16054
44,16055
44,16056
44,16057
44,16058
44,16061
44,16063
44,16064
44,16067
44,16075
44,16076
44,16079
44,16083
44,16089
44,16090
44,16095
44,16096
44,16099
44,16103
44,16104
44,16111
44,16123
44,16129
44,16136
44,16139
44,16145
44,16147
44,16148
44,16152
44,16153
44,16154
44,16155
44,16158
44,16161
44,16163
44,16170
44,16171
44,16172
44,16181
44,16184
44,16190
44,16193
44,16199
44,16202
44,16206
44,16207
44,16211
44,16212
44,16213
44,16214
44,16217
44,16218
44,16219
44,16220
44,16223
44,16224
44,16226
44,16229
44,16231
44,16232
44,16233
44,16234
44,16238
44,16239
44,16240
44,16241
44,16242
44,16243
44,16244
44,16245
44,16252
44,16258
45,45
45,60
45,96
45,787
45,2639
45,3587
45,8113
45,8226
45,8351
45,11434
45,16318
45,16323
45,16324
45,16325
45,16326
45,16332
45,16336
45,16337
45,16347
45,16349
45,16351
45,16352
45,16356
45,16357
45,16361
45,16366
45,16368
45,16373
45,16376
45,16377
45,16382
45,16383
45,16385
45,16391
45,16397
45,16398
45,16399
45,16415
45,16422
45,16423
45,16433
45,16434
45,16436
45,16449
45,16489
45,16514
45,16517
45,16525
45,16532
45,16533
45,16535
45,16540
45,16544
45,16546
45,16559
45,16573
45,16589
45,16595
45,16596
46,1
46,4
46,17
46,96
46,258
46,995
46,2561
46,2597
46,2878
46,2921
46,2926
46,2972
46,2987
46,3049
46,3152
46,13234
46,16630
46,16631
46,16632
46,16634
46,16635
46,16636
46,16637
46,16638
46,16639
46,16641
46,16644
46,16646
46,16647
46,16651
46,16652
46,16653
46,16656
46,16657
46,16658
46,16659
46,16660
46,16661
46,16668
46,16669
46,16671
46,16672
46,16673
46,16683
46,16684
46,16696
46,16707
46,16708
46,16709
46,16710
46,16711
46,16713
46,16722
46,16731
46,16732
46,16746
46,16747
46,16748
46,16749
46,16750
46,16751
46,16752
46,16753
46,16754
46,16755
46,16756
46,16757
46,16758
46,16759
46,16760
46,16761
46,16762
46,16763
46,16764
46,16771
46,16782
46,16783
46,16786
46,16787
46,16790
46,16791
46,16792
46,16793
46,16794
46,16796
46,16797
46,16798
46,16799
46,16800
46,16801
46,16802
46,16805
46,16806
46,16807
46,16810
46,16811
46,16812
46,16813
46,16816
46,16819
46,16820
46,16821
46,16822
46,16824
46,16827
46,16828
46,16829
46,16830
46,16831
46,16832
46,16834
46,16835
46,16836
46,16837
46,16838
46,16839
46,16840
46,16841
46,16842
46,16845
46,16846
46,16847
47,9
47,35
47,82
47,3130
47,3706
47,3722
47,15512
47,15827
47,17178
47,17182
47,17183
47,17186
47,17188
47,17192
47,17194
47,17195
47,17202
47,17206
47,17214
47,17215
47,17218
47,17219
47,17230
47,17241
47,17242
47,17244
47,17253
47,17267
47,17271
47,17273
47,17284
47,17285
47,17294
47,17298
47,17300
47,17301
47,17302
47,17303
47,17304
47,17305
47,17319
47,17321
48,2011
48,11434
48,11569
48,12166
48,17333
48,17335
48,17337
48,17338
48,17341
48,17343
48,17349
48,17351
48,17354
48,17355
48,17356
48,17357
48,17358
48,17360
48,17361
48,17362
48,17364
48,17371
48,17377
48,17380
48,17381
48,17383
48,17387
48,17396
48,17397
48,17404
48,17409
48,17411
48,17412
48,17413
48,17414
48,17415
48,17425
48,17426
49,18
49,49
49,81
49,258
49,1010
49,6079
49,8596
49,8623
49,8842
49,16910
49,17433
49,17434
49,17437
49,17439
49,17442
49,17447
49,17448
49,17449
49,17452
49,17453
49,17457
49,17460
49,17462
49,17487
49,17491
49,17495
49,17498
49,17502
49,17503
49,17507
49,17511
49,17523
49,17525
49,17527
49,17542
49,17544
49,17546
49,17547
49,17548
49,17549
49,17552
49,17558
49,17561
49,17567
49,17569
49,17584
50,148
50,8565
50,16181
50,16772
50,17609
50,17612
50,17621
50,17622
50,17631
50,17639
50,17641
50,17647
50,17649
50,17650
50,17653
50,17655
50,17661
50,17666
50,17669
50,17670
50,17675
50,17681
50,17682
50,17684
50,17686
50,17687
50,17692
51,69
52,23
52,148
52,258
52,810
52,1975
52,8226
52,9315
52,9523
52,9526
52,9683
52,10046
52,10158
52,12892
52,13048
52,17749
52,17750
52,17752
52,17753
52,17756
52,17758
52,17761
52,17762
52,17763
52,17764
52,17765
52,17772
52,17773
52,17774
52,17778
52,17780
52,17787
52,17789
52,17790
52,17793
52,17796
52,17801
52,17805
52,17815
52,17818
52,17819
52,17820
52,17822
52,17826
52,17830
52,17831
52,17832
52,17833
52,17834
52,17836
52,17843
52,17844
52,17850
52,17853
52,17854
52,17855
52,17858
52,17859
52,17862
52,17865
52,17866
52,17867
52,17868
52,17870
52,17872
52,17883
52,17890
52,17893
52,17895
52,17898
52,17907
52,17921
52,17924
52,17925
52,17926
52,17931
52,17949
52,17963
52,17964
52,17970
52,17972
52,17977
52,17984
52,17991
52,18004
52,18005
52,18007
52,18010
52,18011
52,18012
52,18013
52,18014
52,18015
52,18017
52,18029
52,18033
52,18036
52,18038
52,18042
52,18043
52,18044
52,18047
52,18048
52,18049
52,18056
52,18076
52,18077
52,18078
52,18085
52,18086
52,18088
52,18089
52,18097
52,18099
52,18101
52,18102
52,18106
52,18114
52,18115
52,18125
52,18127
52,18130
52,18142
52,18152
52,18161
52,18164
52,18165
52,18177
52,18180
53,107
53,141
53,148
53,1796
53,1975
53,8351
53,13750
53,14260
53,18294
53,18295
53,18296
53,18298
53,18301
53,18302
53,18303
53,18304
53,18309
53,18312
53,18320
53,18321
53,18322
53,18323
53,18325
53,18327
53,18328
53,18331
53,18332
53,18333
53,18336
53,18338
53,18350
53,18351
53,18353
53,18358
53,18359
53,18360
53,18361
53,18369
53,18376
53,18377
53,18380
53,18382
53,18383
53,18384
53,18388
53,18389
53,18390
53,18391
53,18392
54,96
54,258
54,803
54,1212
54,3502
54,12684
54,12784
54,18409
54,18410
54,18411
54,18412
54,18414
54,18420
54,18426
54,18429
54,18431
54,18437
54,18446
54,18449
54,18450
54,18455
54,18456
54,18460
54,18462
54,18466
54,18467
54,18472
54,18473
54,18479
54,18481
54,18490
54,18514
54,18523
54,18526
54,18527
54,18528
54,18530
54,18546
55,33
55,35
55,78
55,82
55,83
55,107
55,148
55,1328
55,2011
55,2253
55,3587
55,4920
55,6973
55,7545
55,8058
55,12998
55,13032
55,13073
55,13117
55,13219
55,13368
55,13520
55,13700
55,13829
55,15531
55,15575
55,15847
55,17242
55,18561
55,18564
55,18566
55,18567
55,18574
55,18575
55,18583
55,18584
55,18585
55,18586
55,18587
55,18589
55,18604
55,18610
55,18613
55,18614
55,18618
55,18623
55,18633
55,18634
55,18635
55,18637
55,18639
55,18644
55,18656
55,18659
55,18666
55,18676
55,18679
55,18683
55,18684
55,18691
55,18695
55,18696
55,18717
55,18721
55,18724
55,18727
55,18742
55,18753
55,18756
55,18761
55,18763
55,18766
55,18770
55,18773
55,18778
55,18779
55,18784
55,18790
55,18799
55,18803
55,18817
55,18837
55,18838
55,18862
55,18872
55,18889
55,18891
55,18892
55,18896
55,18900
55,18901
56,34
56,107
56,567
56,3247
56,4116
56,10514
56,10726
56,19138
56,19141
56,19145
56,19146
56,19149
56,19158
56,19165
56,19167
56,19168
56,19181
56,19183
56,19196
56,19202
56,19206
56,19213
56,19214
56,19215
56,19216
56,19219
56,19222
56,19228
56,19229
56,19230
56,19241
56,19247
56,19259
56,19260
56,19261
56,19262
56,19263
56,19266
56,19267
56,19268
56,19269
56,19287
56,19288
56,19289
56,19292
56,19294
57,55
57,61
57,69
58,107
58,1016
58,2253
58,3314
58,16955
58,19301
58,19306
58,19319
58,19321
58,19323
58,19324
58,19326
58,19340
58,19365
58,19395
58,19402
58,19403
58,19407
58,19409
59,37
59,61
59,66
59,78
59,80
59,148
59,339
59,3135
59,3766
59,7130
59,13038
59,13312
59,13334
59,13374
59,13431
59,13558
59,13616
59,13750
59,13829
59,15289
59,15321
59,15827
59,15853
59,15946
59,15963
59,16296
59,19429
59,19430
59,19432
59,19433
59,19445
59,19446
59,19447
59,19452
59,19454
59,19455
59,19478
59,19486
59,19501
59,19511
59,19516
59,19520
59,19525
59,19536
59,19537
59,19556
59,19563
59,19565
59,19566
59,19575
59,19578
59,19583
59,19584
59,19590
59,19595
59,19599
59,19600
59,19609
59,19613
59,19616
59,19617
59,19622
59,19624
59,19628
59,19654
59,19655
59,19656
59,19661
59,19667
59,19669
59,19670
59,19671
59,19672
59,19674
59,19676
59,19681
59,19683
59,19684
59,19769
59,19770
59,19775
59,19780
59,19783
59,19785
59,19786
59,19802
59,19803
59,19804
59,19805
59,19807
59,19809
59,19810
59,19811
59,19818
59,19826
59,19831
59,19832
59,19833
59,19836
59,19843
60,45
60,258
60,1071
60,2133
60,2554
60,7421
60,8113
60,12708
60,12752
60,13629
60,14525
60,19408
60,20316
60,20319
60,20320
60,20321
60,20322
60,20329
60,20332
60,20333
60,20334
60,20335
60,20343
60,20346
60,20352
60,20368
60,20370
60,20373
60,20374
60,20377
60,20378
60,20379
60,20383
60,20384
60,20385
60,20389
60,20392
60,20400
60,20401
60,20402
60,20403
60,20404
60,20405
60,20406
60,20409
60,20411
60,20412
60,20413
60,20414
60,20415
60,20416
60,20417
60,20419
60,20421
60,20423
60,20426
60,20427
60,20428
60,20429
60,20430
60,20431
60,20432
60,20434
60,20435
60,20437
60,20438
60,20439
60,20440
60,20441
60,20442
60,20444
60,20445
60,20448
60,20449
60,20450
60,20452
60,20453
60,20458
60,20460
60,20461
60,20462
60,20464
60,20466
60,20467
60,20469
60,20471
60,20472
60,20475
60,20476
60,20480
60,20481
60,20482
60,20483
60,20484
60,20485
60,20487
60,20489
60,20491
60,20492
60,20494
60,20496
60,20497
60,20498
60,20500
60,20501
60,20503
60,20505
60,20506
60,20507
60,20508
60,20509
60,20511
60,20513
60,20516
60,20517
60,20518
60,20522
60,20524
60,20526
60,20527
60,20528
60,20529
60,20530
60,20531
60,20532
60,20536
60,20537
60,20541
60,20542
60,20543
60,20544
60,20545
60,20547
60,20548
60,20550
60,20552
60,20553
60,20557
60,20560
60,20562
60,20563
60,20564
60,20565
60,20566
60,20568
60,20569
60,20571
60,20572
60,20573
60,20574
60,20576
60,20578
60,20579
60,20580
60,20581
60,20585
60,20587
60,20588
60,20589
60,20590
60,20591
60,20592
60,20593
60,20595
60,20596
60,20597
60,20598
60,20599
60,20605
60,20607
60,20610
60,20615
60,20648
60,20664
60,20665
60,20680
60,20681
60,20690
60,20691
60,20692
60,20695
60,20697
60,20699
60,20707
61,41
61,57
61,59
61,66
61,96
61,107
61,148
61,258
61,339
61,894
61,2011
61,13334
61,13505
61,13544
61,15535
61,15551
61,15686
61,15838
61,15946
61,19429
61,19455
61,19583
61,20880
61,20883
61,20885
61,20886
61,20887
61,20890
61,20892
61,20894
61,20897
61,20898
61,20899
61,20900
61,20903
61,20905
61,20906
61,20908
61,20910
61,20912
61,20914
61,20915
61,20923
61,20924
61,20929
61,20932
61,20933
61,20938
61,20942
61,20946
61,20948
61,20955
61,20962
61,20963
61,20965
61,20966
61,20969
61,20970
61,20975
61,20978
61,20981
61,20986
61,20990
61,20996
61,20997
61,21002
61,21008
61,21010
61,21011
62,0
62,62
62,69
62,78
62,107
62,3130
62,3715
62,10488
62,13374
62,13588
62,13612
62,15196
62,15277
62,15870
62,15907
62,16058
62,18564
62,20059
62,21019
62,21020
62,21021
62,21022
62,21029
62,21030
62,21034
62,21035
62,21036
62,21038
62,21049
62,21057
62,21058
62,21060
62,21061
62,21062
62,21063
62,21064
62,21065
62,21072
62,21079
62,21082
62,21085
62,21087
62,21088
62,21089
62,21090
62,21091
62,21094
62,21095
62,21096
62,21097
62,21102
62,21103
62,21109
62,21124
62,21126
62,21129
62,21130
62,21133
62,21138
62,21142
62,21148
63,31
63,84
63,148
63,895
63,2011
63,8336
63,9891
63,10526
63,10772
63,10878
63,12394
63,12708
63,21151
63,21152
63,21156
63,21157
63,21158
63,21160
63,21161
63,21162
63,21167
63,21168
63,21170
63,21175
63,21176
63,21179
63,21182
63,21183
63,21188
63,21189
63,21190
63,21192
63,21193
63,21203
63,21204
63,21206
63,21208
63,21211
63,21212
63,21216
63,21218
63,21225
63,21227
63,21230
63,21234
63,21252
63,21253
63,21256
63,21258
63,21266
63,21273
63,21280
63,21285
63,21293
63,21303
63,21309
63,21322
63,21323
63,21324
63,21325
63,21328
63,21329
63,21330
63,21331
63,21333
63,21335
63,21340
63,21342
63,21343
63,21345
63,21346
63,21347
63,21348
63,21349
63,21350
63,21351
63,21353
63,21354
63,21357
63,21363
63,21364
63,21365
63,21370
64,21610
64,21614
64,21615
64,21616
64,21617
64,21619
64,21620
64,21621
64,21627
64,21628
64,21633
64,21636
64,21637
64,21643
64,21645
64,21655
64,21656
64,21663
64,21664
64,21666
65,44
66,59
66,61
66,148
66,258
66,685
66,803
66,1081
66,1212
66,1975
66,3033
66,3693
66,7676
66,8351
66,8413
66,8561
66,10565
66,11720
66,12166
66,12283
66,13334
66,13340
66,13753
66,15766
66,15825
66,15946
66,16296
66,17853
66,19429
66,19455
66,19583
66,19629
66,19639
66,19836
66,20883
66,20894
66,20914
66,21095
66,21128
66,21645
66,21679
66,21680
66,21682
66,21684
66,21685
66,21686
66,21687
66,21688
66,21689
66,21690
66,21692
66,21694
66,21695
66,21697
66,21698
66,21699
66,21701
66,21702
66,21704
66,21705
66,21707
66,21708
66,21713
66,21714
66,21718
66,21720
66,21721
66,21725
66,21727
66,21728
66,21729
66,21733
66,21743
66,21748
66,21749
66,21750
66,21761
66,21763
66,21765
66,21770
66,21771
66,21785
66,21791
66,21818
66,21820
66,21821
66,21832
66,21852
66,21853
66,21856
66,21858
66,21859
66,21860
66,21861
66,21871
66,21873
66,21877
66,21878
66,21879
66,21880
66,21881
66,21882
66,21883
66,21888
66,21892
66,21894
66,21896
66,21898
66,21900
66,21901
66,21902
66,21907
66,21912
66,21913
66,21922
66,21926
66,21944
66,21946
66,21950
66,21951
66,21958
66,21962
66,21969
66,21975
66,21976
66,21977
66,21978
66,21979
66,21982
66,21987
66,21992
66,21994
66,21995
66,21996
66,21998
66,22000
66,22001
66,22002
66,22005
66,22008
66,22009
66,22010
66,22012
66,22013
66,22014
66,22015
66,22016
66,22020
66,22023
66,22024
66,22025
66,22026
66,22027
66,22028
66,22030
66,22037
66,22039
66,22040
66,22045
66,22046
66,22049
66,22056
66,22057
66,22059
66,22062
67,4
67,107
67,2829
67,21962
67,22345
67,22352
67,22354
67,22357
67,22362
67,22363
67,22367
67,22368
67,22373
67,22387
67,22388
67,22389
67,22391
67,22392
67,22397
67,22400
67,22402
67,22406
67,22410
67,22421
67,22423
67,22426
67,22429
67,22430
68,1
68,107
68,614
68,652
68,711
68,780
68,899
68,954
68,8564
68,8591
68,19294
68,22483
68,22485
68,22487
68,22488
68,22489
68,22490
68,22491
68,22492
68,22493
68,22495
68,22496
68,22497
68,22498
68,22500
68,22502
68,22503
68,22507
68,22511
68,22513
68,22514
68,22523
68,22524
68,22529
68,22534
68,22535
68,22545
68,22546
68,22550
68,22551
68,22554
68,22558
68,22559
68,22560
68,22561
69,37
69,51
69,57
69,62
69,96
69,107
69,148
69,214
69,827
69,894
69,910
69,1285
69,2241
69,2318
69,3161
69,3766
69,7421
69,8374
69,10957
69,12166
69,13035
69,13117
69,13332
69,13367
69,13368
69,13431
69,13456
69,13517
69,13519
69,13753
69,14056
69,15518
69,15531
69,15575
69,15773
69,15827
69,15900
69,16058
69,16111
69,16258
69,18564
69,18676
69,18735
69,18839
69,19857
69,21103
69,21126
69,22172
69,22663
69,22668
69,22670
69,22671
69,22673
69,22675
69,22682
69,22685
69,22686
69,22688
69,22689
69,22698
69,22700
69,22712
69,22713
69,22717
69,22730
69,22737
69,22738
69,22740
69,22748
69,22749
69,22750
69,22753
69,22759
69,22761
69,22762
69,22766
69,22769
69,22770
69,22773
69,22774
69,22778
69,22785
69,22786
69,22787
69,22788
69,22789
69,22790
69,22791
69,22796
69,22797
69,22808
69,22820
69,22826
69,22827
69,22839
69,22841
69,22842
69,22843
69,22844
69,22845
69,22846
69,22847
69,22848
69,22849
69,22850
69,22851
69,22852
70,107
70,22855
70,22857
70,22858
70,22859
70,22860
70,22864
70,22865
70,22866
70,22868
70,22870
70,22872
70,22873
70,22875
70,22876
70,22877
70,22879
70,22880
71,36
71,57
71,71
71,107
71,214
71,258
71,1682
71,13391
71,13506
71,13765
71,13774
71,15512
71,15563
71,15956
71,16073
71,16161
71,19455
71,19478
71,20096
71,20892
71,20910
71,22959
71,22960
71,22964
71,22966
71,22967
71,22968
71,22970
71,22971
71,22972
71,22974
71,22976
71,22978
71,22979
71,22980
71,22981
71,22982
71,22983
71,22984
71,22985
71,22990
71,22991
71,22992
71,22993
71,23000
71,23005
71,23006
71,23007
71,23010
71,23013
71,23014
71,23029
71,23030
71,23033
71,23034
71,23039
71,23045
71,23047
71,23057
71,23068
71,23069
71,23074
71,23075
71,23076
71,23080
71,23081
71,23084
71,23086
71,23088
71,23090
71,23091
71,23093
71,23095
71,23099
71,23100
71,23101
71,23102
71,23103
71,23104
71,23105
71,23106
71,23107
71,23110
71,23114
71,23117
72,72
72,148
72,1212
72,1214
72,3587
72,7473
72,12706
72,21368
72,23278
72,23281
72,23282
72,23283
72,23284
72,23286
72,23287
72,23288
72,23289
72,23292
72,23293
72,23294
72,23297
72,23298
72,23300
72,23301
72,23303
72,23305
72,23306
72,23307
72,23308
72,23309
72,23312
72,23313
72,23318
72,23319
72,23320
72,23324
72,23325
72,23327
72,23331
72,23333
72,23338
72,23339
72,23340
72,23342
72,23343
72,23344
72,23346
72,23347
72,23349
72,23351
72,23353
72,23354
72,23358
72,23359
72,23360
72,23371
72,23372
72,23375
72,23379
72,23380
72,23383
72,23384
72,23385
72,23386
72,23387
72,23390
72,23392
72,23393
72,23395
72,23396
72,23397
72,23398
72,23399
72,23400
72,23401
72,23402
72,23405
72,23406
72,23410
72,23413
72,23416
72,23418
72,23433
72,23435
72,23440
72,23443
72,23444
72,23445
72,23450
72,23456
72,23457
72,23458
72,23464
72,23471
72,23472
72,23473
72,23483
72,23498
72,23499
72,23505
72,23509
72,23520
72,23522
72,23525
72,23526
72,23527
72,23528
72,23530
72,23539
72,23541
72,23544
72,23546
72,23554
72,23555
72,23557
72,23562
72,23576
72,23579
72,23586
72,23592
72,23593
72,23595
72,23596
72,23597
72,23600
72,23614
72,23616
72,23634
72,23635
72,23637
72,23638
73,8526
73,10158
73,14252
73,23679
73,23684
73,23685
73,23702
73,23703
73,23706
73,23709
73,23711
73,23719
73,23720
73,23721
73,23734
73,23744
73,23750
74,74
74,3702
74,8351
74,13616
74,15512
74,15963
74,17242
74,18691
74,23088
74,23105
74,23117
74,23772
74,23773
74,23777
74,23778
74,23779
74,23780
74,23781
74,23786
74,23787
74,23788
74,23789
74,23790
74,23793
74,23794
74,23795
74,23801
74,23804
74,23806
74,23816
74,23817
74,23818
74,23819
74,23820
74,23821
74,23822
74,23829
74,23831
74,23832
74,23834
74,23844
74,23845
74,23857
74,23858
74,23860
74,23861
74,23863
74,23868
74,23869
74,23873
74,23876
74,23879
74,23880
74,23883
74,23892
74,23894
74,23895
74,23897
74,23898
74,23900
74,23902
74,23905
74,23906
74,23911
74,23912
74,23913
74,23914
74,23918
74,23919
74,23921
74,23923
74,23931
74,23933
74,23934
74,23937
74,23942
74,23948
74,23949
75,40
75,96
75,107
75,148
75,161
75,333
75,6874
75,6891
75,7071
75,7130
75,7631
75,13194
75,14283
75,14454
75,19409
75,24033
75,24034
75,24038
75,24042
75,24045
75,24047
75,24049
75,24052
75,24053
75,24055
75,24056
75,24059
75,24060
75,24061
75,24062
75,24066
75,24067
75,24069
75,24070
75,24071
75,24076
75,24077
75,24086
75,24090
75,24096
75,24100
75,24102
75,24103
75,24105
75,24108
75,24110
75,24112
75,24115
75,24116
75,24119
75,24122
75,24123
75,24125
75,24126
75,24128
76,0
76,2
76,96
76,107
76,1071
76,1221
76,1307
76,3336
76,7789
76,16422
76,17834
76,24163
76,24164
76,24165
76,24167
76,24169
76,24170
76,24177
76,24178
76,24182
76,24184
76,24189
76,24199
78,59
78,62
78,148
78,258
78,263
78,339
78,342
78,1311
78,1976
78,3130
78,3587
78,7172
78,8797
78,10158
78,10951
78,13173
78,13230
78,13365
78,13374
78,13456
78,13519
78,13616
78,13700
78,13736
78,13829
78,13949
78,15477
78,15825
78,15870
78,15907
78,15963
78,15986
78,15990
78,16037
78,16058
78,16296
78,17109
78,17242
78,18564
78,18659
78,19520
78,19622
78,19624
78,20102
78,20280
78,20908
78,21029
78,21718
78,21771
78,22685
78,22785
78,23106
78,23965
78,24211
78,24212
78,24214
78,24216
78,24217
78,24218
78,24219
78,24220
78,24222
78,24223
78,24224
78,24225
78,24226
78,24227
78,24229
78,24230
78,24231
78,24232
78,24244
78,24245
78,24250
78,24252
78,24253
78,24255
78,24259
78,24261
78,24262
78,24263
78,24266
78,24267
78,24272
78,24274
78,24279
78,24280
78,24281
78,24282
78,24283
78,24288
78,24291
78,24293
78,24295
78,24296
78,24297
78,24298
78,24302
78,24307
78,24317
78,24318
78,24319
78,24320
78,24321
78,24330
78,24333
78,24335
78,24336
78,24338
78,24339
78,24340
78,24343
78,24344
78,24347
78,24348
78,24349
78,24350
78,24351
79,96
79,107
79,803
79,3569
79,3827
79,3989
79,12917
79,24605
79,24607
79,24608
79,24609
79,24615
79,24616
79,24617
79,24624
79,24628
79,24630
79,24632
79,24637
79,24638
79,24640
79,24644
79,24649
79,24650
79,24651
79,24658
79,24659
79,24672
79,24674
79,24678
79,24680
79,24681
79,24686
79,24687
79,24689
80,59
80,107
80,13016
80,13528
80,15799
80,15963
80,20102
80,24873
80,24875
80,24876
80,24896
80,24902
81,1
81,49
81,96
81,107
81,258
81,765
81,769
81,787
81,2810
81,2811
81,3693
81,6983
81,8076
81,8631
81,8653
81,8948
81,17525
81,17552
81,17575
81,17578
81,18377
81,23706
81,24909
81,24912
81,24913
81,24914
81,24915
81,24918
81,24919
81,24920
81,24925
81,24929
81,24943
81,24944
81,24948
81,24949
81,24951
81,24952
81,24953
81,24954
81,24957
81,24958
81,24960
81,24962
81,24963
81,24964
81,24965
81,24967
81,24968
81,24970
81,24971
81,24972
81,24973
81,24974
81,24975
81,24976
81,24981
81,24985
81,24989
81,24990
81,24993
81,24999
81,25000
81,25002
81,25004
81,25007
81,25009
81,25017
81,25022
81,25024
81,25028
81,25029
81,25030
81,25033
81,25034
81,25037
81,25042
81,25053
81,25055
81,25059
81,25062
81,25064
81,25068
81,25069
82,35
82,42
82,55
82,83
82,107
82,342
82,1311
82,1975
82,3161
82,4116
82,4289
82,7617
82,10972
82,12670
82,12981
82,12998
82,13038
82,13044
82,13073
82,13117
82,13138
82,13253
82,13262
82,13373
82,15512
82,15518
82,15534
82,15535
82,15551
82,15575
82,18838
82,21126
82,22194
82,22226
82,25150
82,25155
82,25156
82,25159
82,25160
82,25165
82,25177
82,25178
82,25192
82,25193
82,25195
82,25211
82,25212
82,25217
82,25218
82,25219
82,25221
82,25222
82,25235
82,25236
82,25247
82,25251
82,25264
82,25269
82,25285
82,25295
82,25304
82,25321
82,25332
82,25333
82,25334
82,25335
82,25336
82,25337
82,25338
82,25340
82,25355
84,63
84,148
84,258
84,1131
84,1796
84,10158
84,12701
84,16955
84,25379
84,25383
84,25386
84,25388
84,25389
84,25393
84,25394
84,25395
84,25397
84,25400
84,25401
84,25402
84,25403
84,25407
84,25411
84,25413
84,25414
84,25419
84,25426
84,25427
84,25428
84,25436
84,25440
84,25441
84,25442
84,25444
84,25445
84,25448
84,25449
84,25450
84,25452
84,25453
84,25460
84,25464
84,25465
84,25468
84,25471
84,25481
84,25482
84,25484
84,25486
84,25487
84,25493
84,25498
84,25499
84,25502
84,25503
84,25512
84,25513
84,25515
84,25519
84,25520
84,25525
84,25528
84,25530
84,25532
85,96
85,258
85,263
85,1975
85,2798
85,2799
85,2801
85,2803
85,2805
85,2806
85,2808
85,2809
85,2812
85,2813
85,2814
85,2815
85,2816
85,2817
85,2818
85,2819
85,2820
85,2825
85,2827
85,2828
85,2829
85,2830
85,2834
85,2835
85,2836
85,2837
85,3033
85,3587
85,6895
85,7421
85,10735
85,13700
85,16390
85,24999
85,25612
85,25614
85,25615
85,25616
85,25619
85,25621
85,25624
85,25626
85,25628
85,25629
85,25630
85,25631
85,25633
85,25640
85,25642
85,25643
85,25644
85,25645
85,25650
85,25652
85,25655
85,25656
85,25658
85,25659
85,25662
85,25664
85,25665
85,25666
85,25667
85,25668
85,25670
85,25676
85,25678
85,25689
85,25691
85,25693
85,25699
85,25700
85,25701
85,25702
85,25703
85,25705
85,25707
85,25708
85,25709
85,25712
85,25713
85,25715
85,25716
85,25724
85,25729
85,25731
85,25732
85,25733
85,25734
85,25735
85,25736
85,25738
85,25739
85,25740
85,25741
85,25742
85,25743
85,25744
85,25746
85,25747
85,25748
85,25749
85,25750
85,25751
85,25752
85,25753
85,25755
85,25756
85,25758
85,25759
85,25760
85,25762
85,25763
85,25768
85,25769
85,25771
85,25773
86,75
86,76
86,96
86,148
86,1268
86,1975
86,2011
86,2419
86,3266
86,12920
86,14284
86,14602
86,20280
86,22497
86,25982
86,25984
86,25988
86,25993
86,26002
86,26005
86,26022
86,26036
86,26041
86,26042
86,26044
86,26051
86,26057
86,26060
86,26066
86,26070
86,26073
86,26075
86,26076
86,26080
86,26084
86,26085
86,26093
86,26096
86,26097
86,26111
86,26113
86,26117
86,26119
86,26120
86,26125
86,26128
86,26135
86,26136
86,26137
86,26139
86,26147
86,26148
86,26153
86,26157
86,26162
86,26166
86,26174
86,26175
86,26176
86,26181
86,26182
86,26185
86,26200
86,26207
86,26211
86,26226
86,26227
86,26230
86,26235
86,26242
86,26244
86,26245
86,26248
86,26249
86,26253
86,26254
86,26255
86,26257
86,26261
86,26265
86,26266
86,26267
87,0
87,88
87,94
87,107
87,148
87,1088
87,2554
87,7421
87,8409
87,16397
87,24709
87,24715
87,24716
87,24724
87,24729
87,24745
87,24755
87,24756
87,24761
87,24785
87,24786
87,24834
87,24853
87,26298
87,26335
87,26368
87,26512
87,26533
87,26539
87,26556
87,26573
87,26587
87,26588
87,26602
87,26613
87,26620
87,26626
87,26629
87,26672
88,96
88,3247
88,4116
88,8528
88,12892
88,26060
88,26808
88,26812
88,26821
88,26822
88,26829
88,26842
88,26884
88,26893
88,26895
88,26900
88,26917
88,26921
88,26935
88,26957
90,1
90,17
90,96
90,254
90,258
90,2878
90,2921
90,2926
90,2972
90,3047
90,3068
90,3128
90,3130
90,3133
90,3134
90,3135
90,3152
90,8744
90,10158
90,12673
90,17913
90,26983
90,26984
90,26985
90,26996
90,26997
90,26998
90,26999
90,27000
90,27001
90,27002
90,27003
90,27004
90,27008
90,27010
90,27011
90,27012
90,27013
90,27014
90,27016
90,27017
90,27018
90,27019
90,27020
90,27021
90,27022
90,27026
90,27028
90,27029
90,27031
90,27032
90,27033
90,27034
90,27035
90,27036
90,27039
90,27040
90,27041
90,27043
90,27044
93,0
97,0
97,4
97,17
98,0
98,17
99,4
104,0
108,0
110,15
124,0
129,0
139,0
143,0
147,0
161,0
161,40
162,0
162,4
167,0
172,0
172,8
173,0
178,0
182,0
183,0
184,0
185,0
190,0
194,0
195,0
199,0
203,0
203,4
207,0
209,0
214,44
215,8
216,8
222,0
224,0
225,0
226,0
231,0
233,0
242,0
254,0
254,17
254,45
256,6
257,0
260,0
264,0
275,0
293,0
299,0
301,0
307,0
308,0
312,0
316,0
317,0
372,44
383,1
383,4
426,4
454,1
456,1
461,1
462,1
467,1
467,56
467,80
474,1
477,1
478,1
492,40
499,1
510,1
514,1
518,1
554,1
573,1
581,1
584,1
585,1
594,1
602,33
606,1
625,1
652,4
652,68
673,1
684,1
696,1
699,9
713,1
718,1
718,2
718,6
718,10
718,14
718,18
718,19
718,20
718,24
718,28
718,33
718,35
718,39
718,42
718,43
718,55
718,56
718,68
718,71
718,75
718,78
718,82
718,87
726,1
726,16
726,19
728,1
731,1
733,1
735,1
739,1
745,1
749,1
750,1
751,1
752,1
766,1
769,81
771,1
780,1
781,1
783,1
786,1
786,41
786,66
786,71
787,1
787,81
801,1
814,87
815,1
822,1
824,1
827,1
827,44
827,69
829,75
834,1
835,1
845,1
847,1
850,1
867,1
875,1
883,1
889,1
897,1
899,1
901,1
905,1
906,1
910,1
911,1
912,1
913,1
914,1
916,1
919,1
921,1
924,1
926,1
932,1
934,1
936,1
950,1
952,1
953,1
954,1
972,1
978,1
981,1
981,66
988,1
989,1
996,1
997,1
1000,1
1003,1
1004,1
1006,1
1010,1
1010,18
1010,49
1016,2
1016,58
1017,2
1019,2
1019,6
1019,10
1020,2
1024,2
1033,2
1044,15
1044,33
1044,52
1044,55
1044,71
1064,2
1065,2
1068,6
1068,10
1071,76
1077,2
1080,2
1086,2
1087,2
1088,2
1096,2
1098,2
1113,2
1119,2
1129,2
1131,84
1133,2
1133,4
1133,33
1133,35
1133,49
1133,66
1134,2
1138,2
1148,2
1150,2
1153,2
1154,2
1157,2
1159,2
1175,2
1176,2
1177,2
1178,2
1180,2
1181,2
1181,40
1183,2
1185,2
1186,2
1189,2
1199,2
1202,2
1202,40
1206,2
1221,2
1225,2
1230,2
1231,2
1233,2
1235,2
1238,2
1239,2
1245,2
1252,2
1254,2
1255,2
1255,40
1259,2
1267,6
1267,10
1271,2
1285,2
1285,69
1293,2
1296,2
1306,2
1307,2
1307,76
1313,10
1317,2
1329,2
1329,15
1329,19
1329,23
1329,87
1334,2
1339,2
1340,2
1341,2
1345,2
1347,2
1348,2
1349,2
1358,2
1359,2
1360,2
1368,2
1369,2
1370,2
1371,2
1372,2
1373,2
1374,2
1375,2
1377,2
1378,2
1379,2
1383,2
1388,2
1390,2
1393,2
1397,2
1407,2
1409,2
1410,2
1411,2
1412,2
1416,2
1417,2
1425,2
1427,2
1438,2
1439,2
1442,2
1444,2
1445,2
1446,2
1448,2
1451,2
1463,4
1472,4
1474,4
1477,4
1573,25
1573,33
1583,4
1618,4
1685,4
1686,4
1704,4
1706,4
1719,4
1720,4
1728,4
1741,4
1742,4
1742,17
1746,4
1755,4
1756,4
1756,17
1756,30
1756,48
1760,4
1763,4
1764,4
1780,4
1781,4
1783,4
1786,4
1796,25
1798,4
1804,61
1817,4
1834,4
1835,4
1838,4
1840,4
1840,14
1854,4
1866,4
1875,4
1877,4
1878,4
1880,4
1890,4
1928,4
1931,4
1932,4
1949,4
1964,4
1969,4
1970,4
1974,4
1975,16
1977,4
1983,4
1984,4
2009,4
2010,4
2011,61
2019,4
2037,4
2041,4
2056,4
2067,4
2068,4
2069,4
2070,4
2071,4
2090,4
2097,4
2098,4
2122,4
2125,4
2139,4
2142,17
2253,15
2254,30
2254,38
2254,43
2254,61
2254,69
2254,86
2318,69
2413,17
2419,86
2420,12
2493,28
2493,61
2493,69
2533,43
2538,5
2555,5
2581,5
2586,5
2597,7
2597,46
2597,90
2598,5
2639,45
2642,6
2642,10
2644,6
2644,10
2647,6
2647,10
2650,6
2657,10
2657,20
2658,6
2661,10
2663,6
2670,10
2675,6
2692,10
2700,6
2708,6
2716,6
2719,6
2720,6
2722,6
2726,6
2727,6
2729,6
2734,6
2740,6
2741,6
2742,6
2745,6
2778,10
2781,6
2798,85
2803,85
2805,85
2806,85
2808,85
2809,85
2814,85
2815,85
2816,85
2817,85
2818,85
2819,85
2820,85
2823,85
2825,85
2827,85
2828,85
2829,67
2829,85
2830,85
2832,85
2834,85
2836,85
2837,85
2859,10
2874,10
2878,7
2878,46
2878,90
2922,7
2922,46
2926,7
2926,46
2926,90
2972,7
2972,90
2999,7
3008,7
3039,7
3039,11
3039,49
3047,7
3050,7
3105,7
3105,46
3111,7
3128,38
3130,9
3130,62
3130,71
3130,78
3133,7
3133,90
3149,7
3150,7
3152,7
3152,46
3152,90
3161,35
3161,82
3167,8
3168,8
3174,56
3176,8
3181,8
3196,8
3196,40
3197,8
3205,8
3209,8
3211,8
3227,40
3239,8
3239,15
3239,40
3243,8
3244,8
3248,8
3251,8
3251,58
3257,8
3259,8
3266,8
3266,86
3267,8
3269,8
3271,8
3272,8
3274,8
3278,8
3279,8
3280,8
3281,8
3282,8
3283,8
3284,8
3285,8
3286,8
3289,8
3292,8
3294,8
3295,8
3296,8
3297,8
3300,8
3301,8
3302,8
3303,8
3306,8
3307,8
3308,8
3309,8
3312,8
3313,8
3314,8
3314,58
3315,8
3317,8
3321,8
3322,8
3323,8
3324,8
3331,8
3333,8
3335,8
3337,8
3338,8
3339,8
3343,8
3344,8
3345,8
3346,8
3348,8
3351,8
3353,8
3354,8
3355,8
3356,8
3360,8
3361,8
3362,8
3363,8
3365,8
3366,8
3372,8
3375,8
3376,8
3377,8
3379,8
3385,8
3386,8
3388,8
3389,8
3391,8
3392,8
3393,8
3396,8
3397,8
3398,8
3400,8
3402,8
3404,8
3407,8
3408,8
3409,8
3410,8
3411,8
3412,8
3418,8
3419,8
3432,8
3435,8
3438,8
3439,8
3440,8
3441,8
3443,8
3452,8
3454,8
3456,8
3460,19
3460,53
3465,8
3466,8
3473,8
3476,8
3477,8
3479,8
3480,8
3482,8
3483,8
3484,8
3485,8
3489,8
3493,8
3496,8
3500,8
3503,8
3629,86
3672,16
3672,17
3672,28
3672,54
3693,40
3697,9
3698,9
3698,38
3700,9
3702,9
3702,35
3702,74
3703,9
3705,9
3706,9
3706,35
3706,43
3706,47
3711,9
3717,9
3722,9
3722,47
3723,9
3724,9
3728,9
3734,9
3742,9
3744,9
3755,9
3756,9
3760,9
3761,9
3762,44
3766,9
3766,35
3766,59
3766,69
3769,9
3772,9
3795,10
3809,10
3829,10
3840,10
3841,10
3842,10
3843,10
3844,10
3845,10
3845,20
3847,10
3855,11
3856,11
3861,11
3862,11
3864,11
3918,11
3920,11
3936,11
3950,11
3962,11
3970,11
3978,11
3982,11
3985,11
3989,79
3991,11
3994,11
3998,11
4009,11
4010,11
4013,11
4025,11
4208,12
4209,12
4210,12
4213,12
4220,12
4236,12
4249,12
4252,12
4253,12
4265,12
4268,12
4271,12
4276,12
4277,12
4278,12
4280,12
4281,12
4291,12
4292,12
4293,12
4294,12
4299,12
4300,12
4301,12
4302,12
4303,12
4304,12
4307,12
4309,12
4310,12
4311,12
4314,12
4317,12
4318,12
4321,12
4324,12
4332,12
4334,12
4338,12
4348,12
4353,12
4354,12
4355,12
4358,12
4361,12
4363,12
4366,12
4367,12
4377,12
4395,12
4411,13
4412,13
4419,13
4424,13
4438,69
4442,13
4445,13
4450,13
4452,13
4471,13
4475,13
4476,13
4477,13
4478,13
4479,13
4480,13
4487,13
4495,13
4495,17
4499,13
4557,14
4592,15
4594,14
4610,14
4614,14
4628,14
4640,14
4643,14
4644,14
4651,14
4679,14
4692,14
4698,14
4699,14
4722,14
4725,14
4732,14
4732,49
4792,14
4796,14
4814,14
4821,19
4824,14
4825,14
4829,14
4879,14
4880,14
4917,14
4940,14
4945,14
4971,14
4994,14
5003,14
5012,14
5013,14
5033,14
5036,14
5042,14
5046,14
5113,14
5118,14
5121,14
5137,14
5146,14
5188,14
5239,14
5255,14
5256,14
5257,14
5275,14
5288,14
5362,14
5399,14
5418,14
5421,14
5423,14
5431,14
5434,14
5446,14
5456,14
6652,19
6697,15
6702,15
6715,15
6765,15
6776,15
6778,15
6788,15
6790,15
6822,15
6843,15
6857,15
6862,15
6864,15
6874,15
6874,16
6874,75
6883,15
6884,15
6887,15
6892,15
6894,15
6912,15
6916,15
6926,15
6935,15
6938,15
6938,85
6939,15
6941,15
6941,40
6986,15
6996,15
7030,15
7054,15
7054,31
7062,15
7087,15
7094,15
7100,15
7102,15
7102,18
7102,19
7102,28
7117,15
7122,15
7123,15
7133,15
7141,15
7145,15
7171,17
7228,28
7545,55
7619,16
7621,16
7626,16
7628,16
7630,16
7632,16
7634,16
7638,16
7646,16
7647,16
7650,16
7651,16
7654,16
7709,16
7711,16
7716,16
7723,16
7725,16
7748,16
7764,16
7813,16
7814,16
7816,16
7817,16
7833,16
7834,16
7835,16
7839,16
7877,16
7878,16
7878,28
7899,16
7912,16
7921,16
8046,56
8120,17
8121,17
8122,17
8124,17
8125,17
8126,17
8129,17
8130,17
8135,17
8136,17
8139,17
8145,17
8159,17
8162,17
8166,17
8174,17
8175,17
8177,17
8178,17
8179,17
8181,17
8181,44
8185,17
8201,17
8202,17
8204,17
8205,17
8210,17
8221,17
8222,17
8233,17
8235,17
8238,17
8241,17
8249,17
8250,17
8252,17
8254,17
8270,17
8271,17
8275,17
8276,17
8278,17
8279,17
8293,17
8295,17
8299,17
8317,17
8319,17
8324,17
8324,25
8324,69
8413,66
8496,19
8496,40
8502,18
8504,18
8506,18
8510,18
8512,18
8525,18
8526,73
8533,18
8540,18
8556,18
8558,18
8565,50
8568,18
8569,18
8576,18
8586,18
8586,35
8590,18
8594,18
8596,18
8610,18
8627,18
8630,18
8631,18
8631,81
8634,18
8640,18
8653,81
8655,67
8744,52
8842,19
8842,49
8847,19
8860,19
8867,19
8888,19
8899,19
8900,19
8905,19
8907,19
8914,19
8917,19
8926,19
8936,19
8939,28
8939,56
8950,19
8954,28
8972,20
8995,20
9016,20
9017,20
9038,20
9045,20
9046,20
9048,20
9049,20
9051,20
9052,20
9072,20
9081,21
9086,21
9101,21
9102,21
9110,21
9122,21
9127,21
9144,21
9145,21
9156,21
9183,21
9202,21
9203,21
9204,21
9212,21
9213,21
9214,21
9220,21
9231,21
9235,21
9236,21
9243,21
9244,21
9261,21
9262,21
9265,21
9266,21
9268,21
9277,21
9285,21
9300,23
9311,23
9514,23
9515,23
9518,23
9522,23
9523,23
9524,23
9525,23
9526,23
9527,23
9529,23
9536,23
9537,23
9547,23
9549,23
9550,23
9551,23
9552,23
9564,23
9566,23
9567,23
9568,23
9569,23
9570,23
9572,23
9573,23
9574,23
9575,23
9576,23
9577,23
9578,23
9579,23
9581,23
9586,23
9587,23
9590,23
9591,23
9595,23
9603,23
9614,23
9615,23
9623,23
9626,23
9627,23
9628,23
9633,23
9634,23
9640,23
9644,23
9645,23
9653,23
9683,52
9778,24
9779,24
9780,24
9781,24
9783,24
9784,24
9786,24
9787,24
9789,24
9790,24
9791,24
9792,24
9796,24
9797,24
9803,24
9804,24
9810,24
9811,24
9813,24
9827,24
9833,24
9848,24
9854,25
9856,25
9858,25
9860,25
9862,25
9866,25
9869,25
9872,25
9874,25
9880,25
9891,25
9893,25
9899,25
9900,25
9901,25
9913,25
9914,25
9918,25
9919,25
9919,30
9922,25
9922,30
9923,25
9929,25
9932,25
9935,25
9943,30
9945,25
9946,25
9954,25
9956,25
9957,26
9959,25
9961,25
9966,25
9967,25
9972,25
9975,25
9976,25
9982,25
9983,25
9985,25
9986,25
9988,25
9989,25
10001,25
10005,25
10013,25
10022,25
10023,25
10024,25
10025,25
10029,25
10030,25
10035,25
10039,25
10046,25
10046,52
10056,25
10157,26
10159,26
10161,26
10163,26
10171,26
10175,26
10183,26
10184,26
10185,26
10189,26
10201,26
10203,26
10208,26
10209,26
10221,26
10230,26
10237,26
10238,26
10241,26
10247,26
10250,26
10266,26
10268,26
10276,26
10281,26
10282,26
10292,26
10301,26
10302,26
10337,26
10352,26
10362,26
10365,26
10394,31
10401,26
10404,26
10416,26
10418,26
10419,27
10429,27
10433,27
10436,27
10445,27
10447,27
10460,27
10462,27
10468,27
10472,27
10537,28
10539,28
10548,28
10549,28
10553,28
10560,28
10571,28
10580,28
10581,28
10592,28
10595,28
10597,28
10609,28
10610,28
10615,28
10616,28
10619,28
10626,28
10627,28
10628,28
10630,28
10632,28
10633,28
10634,28
10637,28
10638,28
10640,28
10641,28
10642,28
10645,28
10646,28
10647,28
10649,28
10650,28
10654,28
10658,28
10664,28
10665,28
10666,28
10667,28
10671,28
10673,28
10674,28
10678,28
10691,28
10694,28
10697,28
10703,28
10704,28
10707,28
10709,28
10710,28
10712,28
10713,28
10717,28
10718,28
10719,28
10722,28
10725,28
10726,28
10726,56
10772,63
10772,69
10824,69
10827,74
10950,38
10950,78
10957,69
10972,82
11048,52
11139,29
11141,29
11144,29
11151,29
11153,29
11155,29
11161,29
11168,29
11172,29
11173,29
11177,29
11181,29
11182,29
11193,29
11197,29
11213,29
11217,29
11222,29
11225,29
11226,29
11228,29
11234,29
11243,29
11246,29
11250,29
11291,30
11292,30
11293,30
11294,30
11296,30
11300,30
11301,30
11301,31
11304,30
11316,30
11318,30
11319,30
11320,30
11320,31
11322,30
11333,30
11338,30
11342,30
11351,30
11352,30
11354,30
11356,30
11359,30
11361,30
11372,30
11372,31
11380,30
11389,30
11395,30
11414,30
11422,30
11432,30
11441,30
11443,30
11448,30
11450,30
11453,30
11464,30
11465,30
11472,30
11473,30
11477,30
11480,30
11481,30
11482,30
11485,30
11488,30
11489,30
11493,30
11494,30
11496,30
11498,30
11504,30
11511,30
11519,30
11521,30
11523,30
11527,30
11530,30
11533,30
11534,30
11535,30
11539,30
11543,30
11544,30
11545,30
11555,30
11558,30
11559,30
11565,30
11573,30
11574,30
11575,30
11578,30
11580,30
11600,30
11608,30
11616,30
11622,30
11623,30
11635,30
11649,30
11675,30
11680,31
11682,31
11686,31
11688,31
11689,31
11690,31
11691,31
11692,31
11694,31
11696,31
11697,31
11710,31
11718,31
11726,31
11727,31
11729,31
11731,31
11732,31
11739,31
11755,31
11756,31
11761,31
11780,31
11812,31
11815,31
11841,31
11847,31
11850,31
11859,31
11860,31
11861,31
11862,31
11868,31
11878,31
11885,31
11886,31
11890,31
11893,31
11900,31
11903,31
11904,31
11906,31
11907,31
11908,31
11910,31
11912,31
11919,31
11932,31
11933,31
11934,31
11946,31
11993,31
11997,31
11998,31
12004,31
12032,31
12044,31
12060,31
12077,31
12084,31
12085,31
12098,31
12102,31
12104,31
12112,31
12121,31
12124,31
12136,31
12145,31
12146,31
12147,31
12161,31
12167,31
12180,31
12196,31
12205,31
12223,31
12226,31
12230,31
12234,31
12234,48
12258,31
12277,31
12281,31
12283,31
12283,66
12284,31
12288,31
12298,31
12300,31
12302,31
12303,31
12304,31
12325,31
12327,31
12332,31
12336,31
12354,31
12363,31
12365,31
12376,31
12393,31
12394,31
12394,63
12395,31
12401,31
12412,31
12416,31
12441,31
12468,31
12473,31
12479,31
12483,31
12490,31
12497,31
12498,31
12499,31
12504,31
12513,31
12519,31
12522,31
12525,31
12543,31
12553,31
12554,31
12623,32
12624,32
12644,32
12646,32
12651,32
12673,49
12684,53
12689,32
12701,84
12706,72
12760,32
12892,88
12976,33
12976,35
12978,33
12978,41
12979,33
12980,33
12981,33
12981,35
12981,82
12982,33
12983,33
12986,33
12988,33
12998,33
12998,35
12998,82
12999,33
13000,33
13016,33
13016,66
13016,80
13020,33
13032,33
13032,35
13032,55
13034,33
13035,33
13035,69
13037,33
13038,33
13038,59
13038,82
13039,33
13039,35
13040,33
13043,33
13044,33
13044,35
13044,55
13044,82
13049,33
13051,33
13052,33
13053,33
13054,33
13055,33
13056,33
13059,33
13060,33
13063,33
13064,33
13066,33
13066,35
13066,41
13071,33
13073,35
13097,33
13098,33
13109,33
13114,33
13115,33
13116,33
13117,33
13117,55
13117,69
13117,82
13132,33
13132,55
13138,35
13150,33
13151,33
13151,35
13165,33
13170,33
13174,33
13176,33
13180,41
13181,33
13187,33
13187,43
13191,33
13202,33
13206,33
13207,33
13215,33
13219,35
13219,55
13220,35
13229,35
13234,35
13234,43
13239,35
13244,35
13245,35
13247,35
13250,35
13253,35
13253,42
13253,55
13253,82
13262,35
13262,55
13262,82
13263,35
13268,35
13273,35
13275,35
13276,35
13276,86
13279,55
13281,35
13282,54
13286,35
13290,35
13292,35
13293,35
13297,35
13299,35
13302,35
13305,35
13308,35
13312,35
13313,35
13317,35
13318,35
13324,35
13327,35
13329,35
13333,35
13334,41
13334,47
13334,55
13334,59
13334,61
13334,66
13339,35
13346,36
13349,36
13350,36
13353,36
13359,36
13365,36
13367,36
13368,43
13368,55
13368,69
13374,36
13374,62
13374,78
13376,36
13379,36
13382,36
13384,36
13388,36
13389,36
13389,61
13391,36
13391,55
13391,74
13398,36
13409,36
13414,36
13418,36
13418,67
13425,36
13431,59
13432,36
13436,36
13443,36
13453,36
13456,69
13460,36
13461,36
13470,36
13482,36
13486,36
13488,36
13503,38
13505,38
13505,61
13506,38
13513,38
13515,38
13518,38
13520,38
13520,55
13522,38
13527,38
13528,38
13528,44
13531,38
13532,38
13533,38
13535,38
13543,38
13544,38
13544,44
13549,38
13549,44
13551,38
13552,38
13555,38
13558,38
13570,38
13575,38
13579,38
13580,38
13583,38
13591,38
13596,38
13599,38
13602,38
13605,38
13605,44
13609,38
13609,69
13612,38
13616,38
13616,44
13617,38
13617,42
13619,38
13619,44
13627,38
13636,38
13637,38
13638,38
13639,38
13640,38
13641,38
13644,38
13647,38
13648,38
13649,38
13658,38
13664,38
13665,38
13680,38
13686,38
13688,38
13718,38
13733,38
13757,38
13763,38
13764,38
13764,44
13765,38
13765,71
13768,38
13772,38
13773,38
13774,38
13774,71
13779,38
13793,38
13795,38
13801,38
13805,38
13806,38
13807,38
13816,38
13817,38
13820,38
13821,38
13828,38
13829,38
13829,55
13829,78
13831,38
13832,38
13842,38
13850,38
13850,62
13866,38
13872,38
13876,38
13878,38
13879,38
13880,38
13882,38
13906,38
13908,38
13909,38
14045,42
14075,39
14084,39
14085,39
14090,39
14104,39
14105,39
14109,39
14110,39
14111,39
14113,39
14118,39
14125,39
14128,39
14129,39
14130,39
14131,39
14132,39
14133,39
14136,39
14147,39
14148,39
14149,39
14150,39
14151,39
14152,39
14153,39
14154,39
14157,39
14161,39
14162,39
14166,39
14170,39
14175,39
14176,39
14178,39
14182,39
14183,39
14185,39
14186,39
14196,39
14197,39
14198,39
14199,39
14202,39
14209,39
14225,39
14226,39
14230,39
14244,40
14247,40
14249,40
14251,40
14252,40
14252,73
14254,40
14258,40
14260,40
14261,40
14271,40
14283,40
14284,40
14285,40
14286,40
14294,40
14301,40
14313,40
14314,40
14316,40
14317,40
14333,40
14344,40
14364,40
14365,40
14370,40
14372,40
14380,40
14383,40
14384,40
14389,40
14391,40
14392,40
14396,40
14400,40
14403,40
14409,40
14411,40
14412,40
14419,40
14427,40
14444,40
14449,40
14454,40
14457,40
14463,40
14469,40
14473,40
14478,40
14481,40
14491,40
14496,40
14519,40
14524,40
14525,40
14528,40
14530,40
14539,40
14541,40
14542,40
14548,40
14560,40
14570,40
14576,40
14582,40
14587,40
14589,40
14599,40
14602,86
15182,41
15185,41
15186,41
15187,41
15190,41
15194,41
15195,41
15196,41
15196,62
15197,41
15199,41
15200,41
15212,41
15213,41
15217,41
15218,41
15219,41
15221,41
15238,41
15245,41
15246,41
15248,41
15257,41
15259,41
15267,41
15277,41
15281,41
15286,41
15289,41
15289,59
15293,41
15298,41
15305,41
15305,43
15316,41
15317,41
15321,41
15327,41
15338,41
15339,41
15365,41
15375,41
15379,41
15380,41
15382,41
15387,41
15393,41
15405,41
15406,62
15408,41
15409,41
15416,41
15424,41
15428,41
15436,41
15444,43
15473,41
15474,41
15478,41
15479,41
15481,41
15483,41
15484,41
15493,41
15494,41
15495,41
15499,41
15499,44
15509,41
15512,42
15512,47
15512,71
15512,82
15518,42
15518,69
15520,42
15529,42
15530,42
15530,55
15530,69
15530,80
15530,82
15531,42
15531,55
15531,69
15534,42
15534,82
15539,42
15546,42
15546,43
15551,42
15551,44
15551,61
15551,82
15563,71
15568,42
15570,42
15570,43
15575,42
15575,55
15575,69
15575,82
15577,42
15579,42
15587,42
15590,42
15613,42
15644,42
15658,42
15663,42
15664,42
15684,42
15694,42
15695,42
15696,42
15711,42
15713,42
15715,42
15742,42
15766,42
15767,42
15768,42
15769,42
15772,42
15773,42
15773,69
15775,42
15790,42
15797,42
15799,80
15817,42
15818,43
15825,43
15825,66
15825,78
15826,43
15827,43
15833,43
15835,43
15838,43
15838,61
15843,43
15849,49
15851,43
15852,43
15853,43
15853,59
15860,43
15865,43
15867,43
15870,78
15872,43
15878,43
15883,66
15895,43
15900,43
15900,69
15910,43
15930,43
15931,43
15933,43
15944,43
15946,59
15946,61
15946,66
15950,44
15951,44
15954,44
15955,44
15956,44
15959,44
15961,44
15963,59
15963,78
15966,44
15968,44
15972,44
15976,44
15977,44
15979,44
15980,44
15984,44
15985,44
15986,44
15986,71
15986,78
15988,44
15990,44
15991,44
15999,44
16001,44
16002,44
16004,44
16007,44
16010,44
16013,44
16019,44
16023,44
16027,44
16037,44
16037,78
16039,44
16045,44
16058,44
16058,62
16058,69
16058,78
16073,71
16074,44
16079,44
16088,44
16090,44
16093,44
16096,44
16103,44
16104,44
16109,44
16111,69
16123,44
16134,44
16135,44
16155,44
16161,44
16183,44
16186,44
16190,44
16194,44
16199,44
16231,44
16238,44
16258,69
16318,45
16323,45
16324,45
16325,45
16326,45
16332,45
16337,45
16346,45
16351,45
16352,86
16356,45
16366,45
16368,45
16379,45
16413,45
16415,45
16424,45
16435,45
16442,45
16457,45
16480,45
16514,45
16518,45
16533,45
16535,45
16536,45
16559,45
16577,45
16614,46
16619,46
16645,46
16655,46
16662,46
16694,46
16705,46
16739,46
16743,46
16745,46
16765,46
16770,46
16772,46
16773,46
16795,46
16803,46
16815,46
16826,46
16836,46
16843,46
16910,49
17178,47
17182,47
17189,47
17191,47
17192,47
17194,47
17209,47
17213,47
17220,47
17242,47
17242,55
17242,78
17248,47
17252,47
17254,47
17273,47
17275,47
17293,47
17296,47
17309,47
17319,47
17332,48
17333,48
17335,48
17336,48
17337,48
17338,48
17341,48
17347,48
17349,48
17354,48
17355,48
17356,48
17357,48
17361,48
17365,48
17366,48
17371,48
17373,48
17375,48
17376,48
17385,48
17387,48
17399,48
17414,48
17415,48
17419,48
17432,49
17433,49
17434,49
17435,49
17439,49
17440,49
17442,49
17452,49
17455,49
17456,49
17457,49
17460,49
17463,49
17464,49
17466,49
17467,49
17474,49
17475,49
17476,49
17479,49
17482,49
17483,49
17486,49
17495,49
17495,81
17496,49
17499,49
17500,49
17506,49
17507,49
17508,49
17511,49
17513,49
17517,49
17519,49
17520,49
17521,49
17525,49
17525,81
17529,49
17531,49
17536,49
17538,49
17539,49
17540,49
17542,49
17549,49
17550,49
17551,49
17552,49
17552,81
17553,49
17554,49
17556,49
17559,49
17561,49
17570,49
17571,49
17573,49
17574,49
17575,49
17575,81
17577,49
17578,49
17578,81
17579,49
17580,49
17587,49
17588,49
17589,49
17598,49
17602,49
17609,50
17612,50
17621,50
17622,50
17631,50
17641,50
17642,50
17645,50
17649,50
17656,50
17663,50
17670,50
17749,52
17751,52
17752,52
17753,52
17756,52
17763,52
17764,52
17765,52
17772,52
17773,52
17777,52
17778,52
17780,52
17782,52
17787,52
17789,52
17790,52
17793,52
17796,52
17798,52
17805,52
17816,52
17832,52
17833,52
17834,52
17834,76
17836,52
17848,52
17858,52
17859,52
17862,52
17863,52
17864,52
17866,52
17869,52
17871,52
17877,52
17888,52
17889,52
17892,52
17894,52
17896,52
17899,52
17900,52
17900,53
17900,87
17901,52
17904,52
17906,52
17913,52
17914,52
17920,52
17921,52
17923,52
17954,52
17957,52
17958,52
17971,52
17988,52
17999,52
18000,52
18001,52
18008,52
18031,52
18042,52
18045,52
18067,52
18078,52
18085,52
18089,52
18097,52
18103,52
18104,52
18108,52
18118,52
18119,52
18121,52
18122,52
18130,52
18133,52
18134,52
18135,52
18137,52
18145,52
18149,52
18150,52
18160,52
18166,52
18180,52
18182,52
18231,69
18295,53
18298,53
18299,53
18300,53
18302,53
18306,53
18312,53
18314,53
18318,53
18321,53
18322,53
18324,53
18325,53
18328,53
18329,53
18333,53
18336,53
18339,53
18339,84
18341,53
18342,53
18343,53
18345,53
18353,53
18362,53
18365,53
18370,53
18371,53
18373,53
18375,53
18378,53
18379,53
18382,53
18383,53
18385,53
18386,53
18388,53
18389,53
18390,53
18391,53
18393,53
18394,53
18409,54
18410,54
18411,54
18412,54
18414,54
18415,54
18416,54
18422,54
18426,54
18431,54
18435,54
18437,54
18444,54
18448,54
18449,54
18450,54
18455,54
18456,54
18461,54
18462,54
18466,54
18468,54
18469,54
18472,54
18473,54
18474,54
18484,54
18486,54
18488,54
18490,54
18492,54
18493,54
18497,54
18498,54
18501,54
18503,54
18512,54
18515,54
18517,54
18527,54
18529,54
18531,54
18536,54
18540,54
18561,55
18564,55
18564,69
18564,78
18566,55
18567,55
18573,55
18574,55
18575,55
18577,55
18583,55
18584,55
18586,55
18587,55
18589,55
18593,55
18595,55
18596,55
18597,55
18598,55
18599,55
18601,55
18603,55
18604,55
18605,55
18610,55
18613,55
18614,55
18616,55
18618,55
18620,55
18632,55
18633,55
18634,55
18636,55
18637,55
18638,55
18639,55
18640,55
18641,55
18643,55
18647,55
18648,55
18650,55
18651,55
18652,55
18657,55
18658,55
18659,55
18659,78
18663,55
18665,55
18667,55
18671,55
18673,55
18678,55
18681,55
18683,55
18688,55
18691,74
18694,55
18695,55
18697,55
18702,55
18703,55
18704,55
18707,55
18708,55
18710,55
18714,55
18721,55
18723,55
18727,55
18728,55
18733,55
18735,55
18735,69
18739,55
18740,55
18748,55
18749,55
18752,55
18758,55
18762,55
18771,55
18784,55
18785,55
18787,55
18788,55
18789,55
18790,55
18792,55
18795,55
18801,55
18802,55
18803,55
18803,74
18805,55
18807,55
18809,55
18810,55
18818,55
18819,55
18820,55
18823,55
18839,55
18849,55
18855,55
18860,55
18861,55
18862,55
18871,55
18877,55
18881,55
18882,55
18883,55
18884,55
18885,55
18886,55
18887,55
18888,55
18896,55
18898,55
18899,55
19138,56
19145,56
19146,56
19149,56
19158,56
19167,56
19168,56
19179,56
19180,56
19181,56
19198,56
19199,56
19200,56
19201,56
19203,56
19204,56
19205,56
19206,56
19207,56
19216,56
19218,56
19220,56
19222,56
19223,56
19224,56
19227,56
19230,56
19235,56
19237,56
19238,56
19240,56
19243,56
19244,56
19245,56
19249,56
19251,56
19254,56
19257,56
19265,56
19267,56
19272,56
19275,56
19276,56
19277,56
19278,56
19279,56
19280,56
19283,56
19284,56
19293,56
19295,56
19296,56
19297,56
19299,56
19301,58
19302,58
19303,58
19306,58
19310,58
19318,58
19325,58
19327,58
19328,58
19359,58
19362,58
19374,58
19383,58
19388,58
19408,58
19408,60
19410,58
19411,58
19429,59
19429,66
19430,59
19432,59
19433,59
19438,59
19445,59
19446,59
19447,59
19455,59
19455,61
19455,66
19478,71
19486,59
19511,59
19523,59
19532,59
19536,59
19537,59
19538,59
19566,59
19575,59
19596,59
19599,59
19609,59
19613,59
19614,59
19629,59
19629,66
19637,59
19638,59
19639,59
19639,66
19658,59
19663,59
19674,59
19676,59
19688,59
19688,66
19754,59
19773,59
19782,59
19785,59
19786,59
19789,59
19793,59
19794,59
19805,59
19826,59
19827,59
19828,59
19830,59
19831,59
19834,59
19835,59
19857,69
20059,62
20172,74
20271,62
20319,60
20320,60
20321,60
20322,60
20332,60
20335,60
20343,60
20344,60
20352,60
20356,60
20381,60
20384,60
20391,60
20603,60
20615,60
20615,64
20615,66
20618,60
20624,60
20628,60
20648,60
20651,60
20653,60
20670,60
20678,60
20680,60
20690,60
20696,60
20698,60
20708,60
20874,61
20877,61
20881,61
20885,61
20888,61
20889,61
20891,61
20892,61
20893,61
20894,61
20894,66
20898,61
20901,61
20902,61
20903,61
20904,61
20906,61
20909,61
20911,61
20912,61
20914,66
20916,61
20918,61
20919,61
20920,61
20923,61
20924,61
20925,61
20926,61
20927,61
20930,61
20934,61
20938,61
20943,61
20944,61
20945,61
20947,61
20948,61
20949,61
20953,61
20973,61
20976,61
20977,61
20979,61
20980,61
20982,61
20983,61
20985,61
20987,61
20988,61
20989,61
20991,61
20992,61
20993,61
20998,61
20999,61
21001,61
21004,61
21005,61
21006,61
21012,61
21013,61
21020,62
21021,62
21022,62
21029,62
21029,74
21030,62
21033,62
21035,62
21043,62
21052,62
21069,62
21072,62
21075,62
21076,62
21078,62
21088,62
21098,62
21103,62
21103,69
21104,62
21116,62
21117,62
21117,69
21126,82
21127,62
21134,62
21136,62
21137,62
21141,62
21149,62
21152,63
21156,63
21157,63
21160,63
21161,63
21162,63
21167,63
21170,63
21175,63
21176,63
21179,63
21183,63
21188,63
21189,63
21190,63
21192,63
21203,63
21208,63
21211,63
21214,63
21234,63
21256,63
21258,63
21259,63
21266,63
21269,63
21273,63
21303,63
21327,63
21331,63
21335,63
21348,63
21351,63
21354,63
21357,63
21358,63
21367,63
21368,63
21368,72
21370,72
21374,63
21617,64
21621,64
21625,64
21627,64
21629,64
21641,64
21642,64
21650,64
21670,64
21671,64
21680,66
21682,66
21684,66
21686,66
21687,66
21688,66
21689,66
21692,66
21693,66
21704,66
21705,66
21707,66
21708,66
21713,66
21716,66
21717,66
21727,66
21728,66
21729,66
21731,66
21735,66
21743,66
21747,66
21752,66
21755,66
21759,66
21766,66
21767,66
21769,66
21772,66
21773,66
21775,66
21776,66
21777,66
21778,66
21780,66
21781,66
21785,66
21786,66
21787,66
21788,66
21793,66
21794,66
21796,66
21797,66
21798,66
21799,66
21801,66
21802,66
21806,66
21807,66
21808,66
21809,66
21813,66
21814,66
21817,66
21825,66
21827,66
21830,66
21831,66
21833,66
21835,66
21844,66
21845,66
21846,66
21848,66
21849,66
21850,66
21851,66
21854,66
21855,66
21856,66
21858,66
21863,66
21865,66
21866,66
21868,66
21869,66
21876,66
21878,66
21884,66
21885,66
21889,66
21890,66
21895,66
21901,66
21903,66
21905,66
21906,66
21913,66
21914,66
21917,66
21918,66
21920,66
21922,66
21924,66
21926,66
21927,66
21928,66
21930,66
21931,66
21932,66
21943,66
21946,66
21947,66
21949,66
21958,66
21967,66
21971,66
21972,66
21982,66
21991,66
22011,66
22020,66
22027,66
22032,66
22033,66
22036,66
22040,66
22055,66
22057,66
22058,66
22194,82
22345,67
22355,67
22360,67
22363,67
22371,67
22373,67
22390,67
22390,85
22392,67
22393,67
22396,67
22399,67
22402,67
22406,67
22410,67
22426,67
22427,67
22431,67
22485,68
22487,68
22489,68
22491,68
22492,68
22493,68
22495,68
22496,68
22497,68
22497,86
22498,68
22500,68
22502,68
22507,68
22510,68
22512,68
22513,68
22515,68
22516,68
22518,68
22526,68
22534,68
22536,68
22537,68
22543,68
22544,68
22545,68
22546,68
22549,68
22554,68
22557,68
22562,68
22565,68
22566,68
22663,69
22669,69
22673,69
22675,69
22685,69
22685,78
22696,69
22697,69
22698,69
22700,69
22717,69
22722,69
22738,69
22741,69
22744,69
22745,69
22756,69
22763,69
22764,69
22785,69
22792,69
22798,69
22799,69
22805,69
22806,69
22813,69
22855,70
22857,70
22862,70
22863,70
22864,70
22869,70
22870,70
22872,70
22878,70
22879,70
22881,70
22882,70
22883,70
22960,71
22964,71
22966,71
22970,71
22974,71
22980,71
22990,71
22992,71
22993,71
23000,71
23008,71
23025,71
23033,71
23045,71
23047,71
23058,71
23070,71
23077,71
23088,71
23088,74
23089,71
23096,71
23098,71
23099,71
23101,71
23106,74
23106,78
23108,71
23121,71
23279,72
23281,72
23282,72
23283,72
23284,72
23287,72
23288,72
23289,72
23292,72
23293,72
23294,72
23295,72
23297,72
23298,72
23300,72
23301,72
23302,72
23303,72
23304,72
23305,72
23308,72
23309,72
23312,72
23316,72
23318,72
23319,72
23320,72
23323,72
23325,72
23327,72
23330,72
23331,72
23342,72
23343,72
23344,72
23345,72
23347,72
23351,72
23354,72
23358,72
23359,72
23360,72
23371,72
23373,72
23375,72
23379,72
23380,72
23382,72
23383,72
23384,72
23386,72
23387,72
23390,72
23392,72
23393,72
23396,72
23397,72
23399,72
23402,72
23403,72
23405,72
23406,72
23409,72
23410,72
23411,72
23421,72
23429,72
23433,72
23435,72
23442,72
23446,72
23447,72
23449,72
23451,72
23454,72
23456,72
23458,72
23466,72
23470,72
23475,72
23478,72
23479,72
23482,72
23483,72
23485,72
23488,72
23499,72
23501,72
23504,72
23505,72
23509,72
23511,72
23517,72
23521,72
23522,72
23530,72
23538,72
23539,72
23540,72
23543,72
23545,72
23547,72
23548,72
23552,72
23555,72
23562,72
23568,72
23569,72
23572,72
23575,72
23577,72
23579,72
23581,72
23582,72
23589,72
23592,72
23596,72
23597,72
23604,72
23608,72
23609,72
23614,72
23616,72
23617,72
23620,72
23635,72
23637,72
23679,73
23684,73
23685,73
23698,73
23700,73
23705,73
23706,73
23708,73
23719,73
23725,73
23734,73
23752,73
23762,73
23772,74
23773,74
23777,74
23782,74
23783,74
23788,74
23790,74
23796,74
23800,74
23801,74
23824,74
23835,74
23845,74
23861,74
23867,74
23868,74
23872,74
23875,74
23892,74
23893,74
23895,74
23899,74
23912,74
23915,74
23916,74
23917,74
23921,74
23929,74
23950,74
23951,74
23952,74
24034,75
24035,75
24038,75
24042,75
24046,75
24047,75
24050,75
24052,75
24055,75
24056,75
24068,75
24075,75
24076,75
24078,75
24080,75
24106,75
24109,75
24117,75
24163,76
24165,76
24167,76
24169,76
24172,76
24175,76
24180,76
24186,76
24187,76
24193,76
24211,78
24212,78
24217,78
24222,78
24225,78
24235,78
24237,78
24238,78
24251,78
24254,78
24258,78
24260,78
24271,78
24273,78
24278,78
24284,78
24285,78
24288,78
24299,78
24301,78
24304,78
24305,78
24309,78
24312,78
24314,78
24315,78
24316,78
24321,78
24322,78
24326,78
24327,78
24329,78
24334,78
24335,78
24337,78
24340,78
24341,78
24346,78
24347,78
24352,78
24353,78
24354,78
24605,79
24607,79
24608,79
24609,79
24610,79
24614,79
24615,79
24619,79
24621,79
24624,79
24628,79
24629,79
24630,79
24631,79
24639,79
24640,79
24643,79
24658,79
24660,79
24664,79
24665,79
24667,79
24675,79
24676,79
24682,79
24683,79
24684,79
24689,79
24690,79
24709,87
24716,87
24745,87
24755,87
24761,87
24785,87
24822,87
24831,87
24834,87
24853,87
24873,80
24902,80
24910,81
24914,81
24915,81
24918,81
24920,81
24924,81
24927,81
24928,81
24945,81
24948,81
24951,81
24954,81
24958,81
24967,81
24979,81
24981,81
24989,81
24992,81
24993,81
24995,81
25002,81
25003,81
25004,81
25006,81
25007,81
25009,81
25010,81
25015,81
25018,81
25023,81
25033,81
25038,81
25039,81
25045,81
25050,81
25051,81
25054,81
25056,81
25057,81
25061,81
25063,81
25065,81
25066,81
25069,81
25071,81
25150,82
25155,82
25156,82
25157,82
25158,82
25160,82
25165,82
25169,82
25170,82
25172,82
25177,82
25179,82
25181,82
25182,82
25183,82
25189,82
25191,82
25206,82
25219,82
25236,82
25265,82
25269,82
25270,82
25314,82
25321,82
25341,82
25342,82
25373,82
25383,84
25386,84
25388,84
25389,84
25393,84
25396,84
25400,84
25401,84
25407,84
25413,84
25414,84
25419,84
25427,84
25429,84
25435,84
25438,84
25441,84
25442,84
25443,84
25446,84
25451,84
25458,84
25460,84
25481,84
25483,84
25498,84
25499,84
25500,84
25502,84
25505,84
25513,84
25516,84
25518,84
25520,84
25531,84
25614,85
25615,85
25619,85
25621,85
25623,85
25624,85
25625,85
25628,85
25635,85
25642,85
25645,85
25647,85
25648,85
25651,85
25659,85
25664,85
25665,85
25666,85
25667,85
25670,85
25671,85
25672,85
25673,85
25675,85
25680,85
25689,85
25692,85
25693,85
25718,85
25724,85
25769,85
25982,86
25984,86
25988,86
25991,86
25993,86
26002,86
26041,86
26042,86
26044,86
26051,86
26058,86
26061,86
26073,86
26076,86
26078,86
26080,86
26085,86
26089,86
26093,86
26096,86
26097,86
26113,86
26114,86
26117,86
26119,86
26125,86
26128,86
26129,86
26130,86
26137,86
26139,86
26142,86
26153,86
26160,86
26166,86
26168,86
26174,86
26175,86
26176,86
26181,86
26185,86
26186,86
26200,86
26211,86
26236,86
26241,86
26243,86
26244,86
26246,86
26254,86
26260,86
26263,86
26368,87
26502,87
26520,87
26534,87
26556,87
26563,87
26564,87
26565,87
26591,87
26596,87
26597,87
26598,87
26600,87
26615,87
26618,87
26621,87
26624,87
26626,87
26627,87
26629,87
26631,87
26649,87
26668,87
26685,87
26687,87
26689,87
26690,87
26808,88
26812,88
26822,88
26829,88
26845,88
26850,88
26880,88
26883,88
26892,88
26894,88
26898,88
26903,88
26910,88
26915,88
26916,88
26917,88
26923,88
26924,88
26926,88
26928,88
26931,88
26932,88
26933,88
26940,88
26941,88
26942,88
26943,88
26944,88
26946,88
26947,88
26948,88
26950,88
26952,88
26954,88
26956,88
26975,90
26976,90
26994,90
26996,90
27001,90
27002,90
27003,90
27005,90
27009,90
27011,90
27034,90
27037,90
27038,90
27043,90
